#t P(A+Ahb)  P(Ah+Ab)  D  E(Ahb) WE(Ahb) D  AHB WAHB D
0.000000 0.000000 0.000000 NaN 0.000000 0.000000 NaN 0.000000 0.000000 0.00000000000000000000
0.020000 0.000000 0.000379 0.000128 0.000008 0.000197 0.000128 0.000015 0.000015 0.00000000803724000000
0.040000 0.000001 0.001440 0.000520 0.000058 0.000778 0.000519 0.000118 0.000118 0.00000000094490000000
0.060000 0.000004 0.003076 0.001157 0.000188 0.001724 0.001156 0.000383 0.000383 0.00000000918790000000
0.080000 0.000011 0.005196 0.002033 0.000426 0.003018 0.002029 0.000871 0.000871 0.00000000171360000000
0.100000 0.000024 0.007718 0.003137 0.000795 0.004641 0.003127 0.001634 0.001634 0.00000001038200000000
0.120000 0.000047 0.010571 0.004461 0.001313 0.006575 0.004441 0.002711 0.002711 0.00000000255100000000
0.140000 0.000082 0.013694 0.005995 0.001993 0.008799 0.005960 0.004132 0.004132 0.00000000755500000000
0.160000 0.000132 0.017032 0.007731 0.002846 0.011296 0.007671 0.005920 0.005920 0.00000000728500000000
0.180000 0.000198 0.020539 0.009657 0.003876 0.014047 0.009565 0.008089 0.008089 0.00000000367400000000
0.200000 0.000284 0.024173 0.011767 0.005089 0.017033 0.011630 0.010650 0.010650 0.00000001362000000000
0.220000 0.000392 0.027900 0.014049 0.006483 0.020237 0.013855 0.013603 0.013603 -0.00000000127000000000
0.240000 0.000523 0.031687 0.016497 0.008059 0.023641 0.016229 0.016948 0.016948 0.00000000409000000000
0.260000 0.000678 0.035510 0.019101 0.009814 0.027229 0.018743 0.020678 0.020678 0.00000001092000000000
0.280000 0.000860 0.039344 0.021852 0.011742 0.030985 0.021384 0.024784 0.024784 -0.00000001181000000000
0.300000 0.001068 0.043171 0.024742 0.013840 0.034891 0.024145 0.029252 0.029252 -0.00000000109000000000
0.320000 0.001304 0.046974 0.027763 0.016100 0.038935 0.027013 0.034070 0.034070 0.00000000078000000000
0.340000 0.001568 0.050739 0.030907 0.018515 0.043101 0.029980 0.039218 0.039218 -0.00000001765000000000
0.360000 0.001860 0.054454 0.034165 0.021078 0.047375 0.033037 0.044679 0.044679 -0.00000000840000000000
0.380000 0.002181 0.058108 0.037531 0.023781 0.051744 0.036174 0.050434 0.050434 -0.00000000832000000000
0.400000 0.002529 0.061695 0.040997 0.026614 0.056197 0.039382 0.056461 0.056461 -0.00000002132000000000
0.420000 0.002905 0.065207 0.044555 0.029571 0.060721 0.042655 0.062740 0.062740 -0.00000001284000000000
0.440000 0.003308 0.068638 0.048199 0.032641 0.065306 0.045983 0.069249 0.069249 -0.00000001539000000000
0.460000 0.003738 0.071985 0.051922 0.035816 0.069940 0.049359 0.075967 0.075967 -0.00000002604000000000
0.480000 0.004192 0.075245 0.055716 0.039087 0.074613 0.052776 0.082873 0.082873 -0.00000001700000000000
0.500000 0.004672 0.078414 0.059576 0.042447 0.079318 0.056226 0.089946 0.089946 -0.00000002140000000000
0.520000 0.005174 0.081492 0.063496 0.045885 0.084044 0.059705 0.097165 0.097165 -0.00000003103000000000
0.540000 0.005700 0.084478 0.067468 0.049395 0.088785 0.063204 0.104510 0.104510 -0.00000002150000000000
0.560000 0.006246 0.087370 0.071489 0.052969 0.093531 0.066719 0.111962 0.111962 -0.00000002620000000000
0.580000 0.006812 0.090170 0.075551 0.056598 0.098276 0.070244 0.119502 0.119502 -0.00000003620000000000
0.600000 0.007398 0.092878 0.079650 0.060274 0.103014 0.073774 0.127112 0.127112 -0.00000002720000000000
0.620000 0.008000 0.095494 0.083780 0.063992 0.107739 0.077303 0.134775 0.134775 -0.00000002950000000000
0.640000 0.008619 0.098020 0.087936 0.067744 0.112444 0.080828 0.142475 0.142475 -0.00000004150000000000
0.660000 0.009254 0.100457 0.092114 0.071523 0.117125 0.084345 0.150195 0.150195 -0.00000003470000000000
0.680000 0.009901 0.102807 0.096309 0.075323 0.121776 0.087848 0.157923 0.157923 -0.00000003100000000000
0.700000 0.010561 0.105072 0.100516 0.079139 0.126394 0.091336 0.165643 0.165643 -0.00000004560000000000
0.720000 0.011233 0.107253 0.104732 0.082964 0.130974 0.094803 0.173343 0.173343 -0.00000004430000000000
0.740000 0.011914 0.109353 0.108952 0.086793 0.135512 0.098248 0.181011 0.181011 -0.00000003280000000000
0.760000 0.012604 0.111373 0.113173 0.090622 0.140006 0.101667 0.188636 0.188636 -0.00000004630000000000
0.780000 0.013302 0.113317 0.117390 0.094445 0.144452 0.105058 0.196208 0.196208 -0.00000005390000000000
0.800000 0.014007 0.115185 0.121601 0.098258 0.148848 0.108417 0.203717 0.203717 -0.00000004200000000000
0.820000 0.014716 0.116981 0.125802 0.102058 0.153190 0.111744 0.211155 0.211155 -0.00000004190000000000
0.840000 0.015431 0.118707 0.129989 0.105839 0.157478 0.115036 0.218513 0.218513 -0.00000005860000000000
0.860000 0.016148 0.120364 0.134161 0.109600 0.161708 0.118291 0.225784 0.225784 -0.00000005690000000000
0.880000 0.016868 0.121956 0.138313 0.113335 0.165879 0.121507 0.232963 0.232963 -0.00000004310000000000
0.900000 0.017590 0.123484 0.142444 0.117043 0.169990 0.124684 0.240042 0.240042 -0.00000005260000000000
0.920000 0.018312 0.124951 0.146551 0.120719 0.174039 0.127819 0.247017 0.247017 -0.00000006710000000000
0.940000 0.019034 0.126359 0.150631 0.124363 0.178026 0.130912 0.253883 0.253883 -0.00000006070000000000
0.960000 0.019754 0.127709 0.154683 0.127971 0.181948 0.133961 0.260636 0.260636 -0.00000004710000000000
0.980000 0.020473 0.129005 0.158703 0.131541 0.185807 0.136966 0.267272 0.267272 -0.00000005990000000000
1.000000 0.021190 0.130247 0.162691 0.135071 0.189600 0.139926 0.273789 0.273790 -0.00000007430000000000
1.020000 0.021904 0.131439 0.166644 0.138560 0.193328 0.142841 0.280185 0.280185 -0.00000006770000000000
1.040000 0.022613 0.132582 0.170561 0.142006 0.196990 0.145709 0.286456 0.286456 -0.00000005300000000000
1.060000 0.023319 0.133678 0.174441 0.145406 0.200586 0.148531 0.292601 0.292601 -0.00000006240000000000
1.080000 0.024019 0.134728 0.178280 0.148761 0.204116 0.151306 0.298619 0.298619 -0.00000008020000000000
1.100000 0.024715 0.135735 0.182079 0.152069 0.207579 0.154033 0.304509 0.304509 -0.00000007830000000000
1.120000 0.025404 0.136701 0.185837 0.155329 0.210977 0.156714 0.310270 0.310270 -0.00000006270000000000
1.140000 0.026087 0.137626 0.189551 0.158540 0.214309 0.159347 0.315902 0.315902 -0.00000006010000000000
1.160000 0.026764 0.138513 0.193221 0.161701 0.217576 0.161932 0.321405 0.321406 -0.00000008080000000000
1.180000 0.027433 0.139363 0.196846 0.164812 0.220777 0.164471 0.326780 0.326780 -0.00000008960000000000
1.200000 0.028095 0.140178 0.200425 0.167872 0.223914 0.166962 0.332026 0.332026 -0.00000007910000000000
1.220000 0.028750 0.140959 0.203958 0.170881 0.226986 0.169406 0.337145 0.337145 -0.00000006380000000000
1.240000 0.029396 0.141707 0.207443 0.173839 0.229995 0.171804 0.342137 0.342137 -0.00000007130000000000
1.260000 0.030034 0.142424 0.210880 0.176746 0.232941 0.174155 0.347003 0.347003 -0.00000009220000000000
1.280000 0.030664 0.143112 0.214270 0.179600 0.235824 0.176460 0.351745 0.351745 -0.00000009720000000000
1.300000 0.031286 0.143770 0.217610 0.182403 0.238646 0.178719 0.356364 0.356364 -0.00000008470000000000
1.320000 0.031899 0.144402 0.220901 0.185155 0.241406 0.180933 0.360861 0.360861 -0.00000006940000000000
1.340000 0.032502 0.145007 0.224143 0.187855 0.244107 0.183102 0.365239 0.365239 -0.00000007620000000000
1.360000 0.033097 0.145587 0.227335 0.190503 0.246748 0.185227 0.369498 0.369498 -0.00000009800000000000
1.380000 0.033683 0.146143 0.230477 0.193100 0.249331 0.187307 0.373641 0.373641 -0.00000010660000000000
1.400000 0.034259 0.146676 0.233570 0.195647 0.251855 0.189345 0.377670 0.377670 -0.00000009740000000000
1.420000 0.034826 0.147187 0.236612 0.198143 0.254323 0.191339 0.381586 0.381586 -0.00000008050000000000
1.440000 0.035384 0.147677 0.239605 0.200589 0.256735 0.193291 0.385392 0.385392 -0.00000007470000000000
1.460000 0.035933 0.148147 0.242547 0.202985 0.259092 0.195202 0.389090 0.389090 -0.00000009410000000000
1.480000 0.036472 0.148597 0.245440 0.205332 0.261395 0.197071 0.392681 0.392681 -0.00000011140000000000
1.500000 0.037001 0.149029 0.248283 0.207631 0.263644 0.198900 0.396169 0.396169 -0.00000011270000000000
1.520000 0.037522 0.149443 0.251076 0.209881 0.265841 0.200688 0.399554 0.399554 -0.00000009970000000000
1.540000 0.038032 0.149840 0.253821 0.212083 0.267987 0.202438 0.402840 0.402840 -0.00000008350000000000
1.560000 0.038534 0.150221 0.256516 0.214239 0.270082 0.204149 0.406029 0.406029 -0.00000008100000000000
1.580000 0.039026 0.150586 0.259162 0.216348 0.272128 0.205821 0.409122 0.409122 -0.00000009900000000000
1.600000 0.039509 0.150937 0.261760 0.218411 0.274125 0.207457 0.412122 0.412122 -0.00000011430000000000
1.620000 0.039983 0.151273 0.264311 0.220429 0.276074 0.209055 0.415031 0.415031 -0.00000011590000000000
1.640000 0.040448 0.151596 0.266813 0.222402 0.277976 0.210618 0.417852 0.417852 -0.00000010470000000000
1.660000 0.040903 0.151905 0.269268 0.224332 0.279833 0.212144 0.420586 0.420586 -0.00000008890000000000
1.680000 0.041350 0.152202 0.271677 0.226218 0.281645 0.213636 0.423236 0.423236 -0.00000008060000000000
1.700000 0.041787 0.152488 0.274038 0.228062 0.283412 0.215094 0.425804 0.425804 -0.00000009190000000000
1.720000 0.042216 0.152761 0.276355 0.229864 0.285137 0.216519 0.428292 0.428292 -0.00000010670000000000
1.740000 0.042636 0.153024 0.278625 0.231625 0.286819 0.217910 0.430702 0.430702 -0.00000011270000000000
1.760000 0.043048 0.153277 0.280851 0.233346 0.288460 0.219269 0.433036 0.433036 -0.00000010730000000000
1.780000 0.043451 0.153519 0.283033 0.235026 0.290060 0.220597 0.435296 0.435296 -0.00000009450000000000
1.800000 0.043845 0.153752 0.285170 0.236668 0.291621 0.221893 0.437484 0.437484 -0.00000008150000000000
1.820000 0.044232 0.153975 0.287265 0.238272 0.293143 0.223159 0.439603 0.439603 -0.00000007900000000000
1.840000 0.044610 0.154190 0.289316 0.239837 0.294628 0.224395 0.441654 0.441654 -0.00000008980000000000
1.860000 0.044980 0.154396 0.291326 0.241366 0.296075 0.225602 0.443639 0.443639 -0.00000010030000000000
1.880000 0.045342 0.154595 0.293294 0.242859 0.297486 0.226781 0.445560 0.445560 -0.00000010310000000000
1.900000 0.045696 0.154785 0.295221 0.244317 0.298861 0.227931 0.447418 0.447418 -0.00000009750000000000
1.920000 0.046042 0.154968 0.297108 0.245739 0.300202 0.229054 0.449217 0.449217 -0.00000008630000000000
1.940000 0.046381 0.155144 0.298954 0.247128 0.301509 0.230150 0.450956 0.450956 -0.00000007520000000000
1.960000 0.046712 0.155314 0.300762 0.248483 0.302784 0.231220 0.452639 0.452639 -0.00000007150000000000
1.980000 0.047036 0.155476 0.302531 0.249805 0.304025 0.232264 0.454266 0.454266 -0.00000007890000000000
2.000000 0.047353 0.155633 0.304262 0.251096 0.305236 0.233283 0.455840 0.455840 -0.00000008740000000000
2.020000 0.047663 0.155784 0.305956 0.252355 0.306415 0.234278 0.457362 0.457362 -0.00000009120000000000
2.040000 0.047966 0.155928 0.307613 0.253583 0.307564 0.235248 0.458834 0.458834 -0.00000008840000000000
2.060000 0.048261 0.156068 0.309234 0.254781 0.308684 0.236195 0.460256 0.460256 -0.00000008040000000000
2.080000 0.048551 0.156202 0.310820 0.255950 0.309776 0.237119 0.461632 0.461632 -0.00000007060000000000
2.100000 0.048833 0.156331 0.312370 0.257090 0.310839 0.238020 0.462961 0.462961 -0.00000006310000000000
2.120000 0.049109 0.156455 0.313887 0.258202 0.311875 0.238899 0.464246 0.464246 -0.00000006420000000000
2.140000 0.049379 0.156575 0.315369 0.259287 0.312884 0.239757 0.465488 0.465488 -0.00000007070000000000
2.160000 0.049642 0.156690 0.316819 0.260344 0.313868 0.240594 0.466688 0.466688 -0.00000007620000000000
2.180000 0.049900 0.156801 0.318236 0.261375 0.314826 0.241410 0.467848 0.467848 -0.00000007770000000000
2.200000 0.050151 0.156907 0.319621 0.262381 0.315759 0.242207 0.468969 0.468969 -0.00000007450000000000
2.220000 0.050396 0.157010 0.320975 0.263361 0.316668 0.242983 0.470052 0.470052 -0.00000006780000000000
2.240000 0.050636 0.157109 0.322298 0.264317 0.317553 0.243741 0.471098 0.471098 -0.00000005980000000000
2.260000 0.050870 0.157205 0.323591 0.265248 0.318416 0.244480 0.472108 0.472108 -0.00000005370000000000
2.280000 0.051099 0.157297 0.324855 0.266156 0.319256 0.245200 0.473084 0.473084 -0.00000005350000000000
2.300000 0.051322 0.157385 0.326089 0.267042 0.320074 0.245903 0.474027 0.474027 -0.00000005780000000000
2.320000 0.051539 0.157471 0.327295 0.267905 0.320870 0.246588 0.474938 0.474938 -0.00000006220000000000
2.340000 0.051752 0.157553 0.328474 0.268746 0.321646 0.247256 0.475818 0.475818 -0.00000006400000000000
2.360000 0.051960 0.157633 0.329625 0.269566 0.322402 0.247908 0.476667 0.476667 -0.00000006250000000000
2.380000 0.052162 0.157709 0.330749 0.270364 0.323138 0.248543 0.477488 0.477488 -0.00000005820000000000
2.400000 0.052360 0.157783 0.331847 0.271143 0.323855 0.249163 0.478280 0.478280 -0.00000005220000000000
2.420000 0.052553 0.157855 0.332919 0.271902 0.324553 0.249767 0.479045 0.479045 -0.00000004640000000000
2.440000 0.052741 0.157923 0.333967 0.272641 0.325232 0.250356 0.479783 0.479784 -0.00000004280000000000
2.460000 0.052925 0.157990 0.334989 0.273361 0.325894 0.250930 0.480497 0.480497 -0.00000004400000000000
2.480000 0.053104 0.158054 0.335988 0.274063 0.326538 0.251490 0.481185 0.481185 -0.00000004710000000000
2.500000 0.053279 0.158116 0.336963 0.274747 0.327165 0.252036 0.481850 0.481850 -0.00000004980000000000
2.520000 0.053450 0.158175 0.337915 0.275414 0.327776 0.252568 0.482492 0.482492 -0.00000005070000000000
2.540000 0.053616 0.158233 0.338844 0.276063 0.328371 0.253087 0.483111 0.483111 -0.00000004930000000000
2.560000 0.053779 0.158288 0.339751 0.276695 0.328950 0.253593 0.483709 0.483709 -0.00000004620000000000
2.580000 0.053937 0.158342 0.340637 0.277311 0.329514 0.254086 0.484286 0.484286 -0.00000004170000000000
2.600000 0.054092 0.158394 0.341501 0.277911 0.330063 0.254566 0.484843 0.484843 -0.00000003720000000000
2.620000 0.054242 0.158444 0.342344 0.278496 0.330597 0.255035 0.485381 0.485381 -0.00000003400000000000
2.640000 0.054390 0.158493 0.343168 0.279066 0.331117 0.255491 0.485900 0.485900 -0.00000003370000000000
2.660000 0.054533 0.158539 0.343971 0.279620 0.331624 0.255936 0.486401 0.486401 -0.00000003540000000000
2.680000 0.054673 0.158585 0.344755 0.280161 0.332117 0.256370 0.486884 0.486884 -0.00000003730000000000
2.700000 0.054809 0.158628 0.345520 0.280687 0.332596 0.256793 0.487351 0.487351 -0.00000003850000000000
2.720000 0.054942 0.158670 0.346267 0.281200 0.333064 0.257205 0.487801 0.487801 -0.00000003830000000000
2.740000 0.055072 0.158711 0.346995 0.281699 0.333518 0.257607 0.488235 0.488235 -0.00000003670000000000
2.760000 0.055199 0.158751 0.347706 0.282185 0.333961 0.257998 0.488654 0.488654 -0.00000003400000000000
2.780000 0.055322 0.158789 0.348399 0.282659 0.334392 0.258380 0.489059 0.489059 -0.00000003080000000000
2.800000 0.055442 0.158826 0.349076 0.283120 0.334812 0.258752 0.489449 0.489449 -0.00000002760000000000
2.820000 0.055560 0.158862 0.349735 0.283569 0.335220 0.259114 0.489825 0.489825 -0.00000002530000000000
2.840000 0.055674 0.158896 0.350379 0.284006 0.335617 0.259467 0.490189 0.490189 -0.00000002500000000000
2.860000 0.055785 0.158929 0.351007 0.284432 0.336004 0.259811 0.490539 0.490539 -0.00000002600000000000
2.880000 0.055894 0.158962 0.351619 0.284847 0.336381 0.260147 0.490877 0.490877 -0.00000002710000000000
2.900000 0.056000 0.158993 0.352217 0.285251 0.336747 0.260474 0.491203 0.491203 -0.00000002790000000000
2.920000 0.056103 0.159023 0.352799 0.285644 0.337104 0.260792 0.491518 0.491518 -0.00000002790000000000
2.940000 0.056204 0.159053 0.353368 0.286027 0.337451 0.261102 0.491822 0.491822 -0.00000002720000000000
2.960000 0.056302 0.159081 0.353922 0.286400 0.337789 0.261405 0.492114 0.492114 -0.00000002560000000000
2.980000 0.056398 0.159108 0.354462 0.286763 0.338118 0.261700 0.492397 0.492397 -0.00000002350000000000
3.000000 0.056491 0.159135 0.354989 0.287116 0.338438 0.261987 0.492669 0.492669 -0.00000002110000000000
3.020000 0.056582 0.159161 0.355503 0.287460 0.338750 0.262266 0.492932 0.492932 -0.00000001910000000000
3.040000 0.056671 0.159186 0.356004 0.287795 0.339053 0.262539 0.493186 0.493186 -0.00000001790000000000
3.060000 0.056757 0.159210 0.356493 0.288122 0.339348 0.262805 0.493430 0.493430 -0.00000001780000000000
3.080000 0.056841 0.159233 0.356969 0.288439 0.339635 0.263064 0.493666 0.493666 -0.00000001840000000000
3.100000 0.056923 0.159256 0.357434 0.288748 0.339915 0.263316 0.493894 0.493894 -0.00000001900000000000
3.120000 0.057003 0.159278 0.357886 0.289049 0.340187 0.263561 0.494113 0.494113 -0.00000001940000000000
3.140000 0.057081 0.159299 0.358328 0.289343 0.340451 0.263801 0.494325 0.494325 -0.00000001940000000000
3.160000 0.057157 0.159319 0.358758 0.289628 0.340709 0.264034 0.494529 0.494529 -0.00000001880000000000
3.180000 0.057231 0.159339 0.359178 0.289906 0.340960 0.264261 0.494725 0.494725 -0.00000001790000000000
3.200000 0.057303 0.159359 0.359587 0.290176 0.341204 0.264483 0.494915 0.494915 -0.00000001660000000000
3.220000 0.057374 0.159377 0.359986 0.290439 0.341441 0.264698 0.495098 0.495098 -0.00000001510000000000
3.240000 0.057442 0.159396 0.360375 0.290696 0.341672 0.264908 0.495275 0.495275 -0.00000001360000000000
3.260000 0.057509 0.159413 0.360753 0.290945 0.341897 0.265113 0.495445 0.495445 -0.00000001240000000000
3.280000 0.057574 0.159430 0.361123 0.291188 0.342116 0.265312 0.495609 0.495609 -0.00000001190000000000
3.300000 0.057637 0.159447 0.361483 0.291424 0.342329 0.265507 0.495767 0.495767 -0.00000001210000000000
3.320000 0.057699 0.159463 0.361834 0.291654 0.342536 0.265696 0.495920 0.495920 -0.00000001230000000000
3.340000 0.057759 0.159478 0.362176 0.291878 0.342738 0.265880 0.496067 0.496067 -0.00000001260000000000
3.360000 0.057818 0.159493 0.362509 0.292096 0.342934 0.266060 0.496209 0.496209 -0.00000001280000000000
3.380000 0.057875 0.159508 0.362834 0.292309 0.343125 0.266235 0.496346 0.496346 -0.00000001270000000000
3.400000 0.057931 0.159522 0.363150 0.292515 0.343311 0.266405 0.496478 0.496478 -0.00000001240000000000
3.420000 0.057985 0.159536 0.363459 0.292716 0.343492 0.266571 0.496605 0.496605 -0.00000001170000000000
3.440000 0.058038 0.159549 0.363760 0.292912 0.343668 0.266733 0.496728 0.496728 -0.00000001100000000000
3.460000 0.058089 0.159562 0.364053 0.293102 0.343839 0.266891 0.496846 0.496846 -0.00000001010000000000
3.480000 0.058139 0.159575 0.364338 0.293288 0.344006 0.267044 0.496960 0.496960 -0.00000000920000000000
3.500000 0.058188 0.159587 0.364617 0.293468 0.344168 0.267193 0.497070 0.497070 -0.00000000840000000000
3.520000 0.058236 0.159599 0.364888 0.293644 0.344326 0.267339 0.497176 0.497176 -0.00000000780000000000
3.540000 0.058282 0.159610 0.365152 0.293815 0.344479 0.267481 0.497278 0.497278 -0.00000000760000000000
3.560000 0.058327 0.159621 0.365409 0.293981 0.344629 0.267619 0.497377 0.497377 -0.00000000770000000000
3.580000 0.058371 0.159632 0.365660 0.294143 0.344774 0.267753 0.497472 0.497472 -0.00000000780000000000
3.600000 0.058414 0.159643 0.365905 0.294301 0.344915 0.267884 0.497563 0.497563 -0.00000000790000000000
3.620000 0.058456 0.159653 0.366143 0.294454 0.345053 0.268012 0.497652 0.497652 -0.00000000790000000000
3.640000 0.058496 0.159663 0.366375 0.294604 0.345187 0.268136 0.497737 0.497737 -0.00000000800000000000
3.660000 0.058536 0.159672 0.366601 0.294749 0.345317 0.268257 0.497819 0.497819 -0.00000000770000000000
3.680000 0.058575 0.159681 0.366821 0.294891 0.345444 0.268375 0.497898 0.497898 -0.00000000740000000000
3.700000 0.058612 0.159690 0.367036 0.295028 0.345567 0.268490 0.497974 0.497974 -0.00000000700000000000
3.720000 0.058649 0.159699 0.367245 0.295162 0.345687 0.268602 0.498048 0.498048 -0.00000000640000000000
3.740000 0.058684 0.159708 0.367448 0.295293 0.345804 0.268711 0.498119 0.498119 -0.00000000580000000000
3.760000 0.058719 0.159716 0.367647 0.295419 0.345918 0.268817 0.498187 0.498187 -0.00000000530000000000
3.780000 0.058753 0.159724 0.367840 0.295543 0.346028 0.268920 0.498253 0.498253 -0.00000000480000000000
3.800000 0.058786 0.159732 0.368028 0.295663 0.346136 0.269021 0.498316 0.498316 -0.00000000470000000000
3.820000 0.058818 0.159739 0.368212 0.295780 0.346241 0.269119 0.498377 0.498377 -0.00000000450000000000
3.840000 0.058849 0.159747 0.368390 0.295894 0.346343 0.269214 0.498436 0.498436 -0.00000000460000000000
3.860000 0.058880 0.159754 0.368564 0.296005 0.346442 0.269307 0.498493 0.498493 -0.00000000460000000000
3.880000 0.058909 0.159761 0.368734 0.296112 0.346538 0.269398 0.498548 0.498548 -0.00000000470000000000
3.900000 0.058938 0.159767 0.368899 0.296217 0.346632 0.269486 0.498601 0.498601 -0.00000000470000000000
3.920000 0.058966 0.159774 0.369060 0.296319 0.346723 0.269572 0.498652 0.498652 -0.00000000470000000000
3.940000 0.058993 0.159780 0.369216 0.296419 0.346812 0.269655 0.498701 0.498701 -0.00000000450000000000
3.960000 0.059020 0.159786 0.369369 0.296515 0.346899 0.269737 0.498748 0.498748 -0.00000000440000000000
3.980000 0.059046 0.159792 0.369518 0.296609 0.346983 0.269816 0.498794 0.498794 -0.00000000410000000000
4.000000 0.059071 0.159798 0.369662 0.296701 0.347064 0.269893 0.498838 0.498838 -0.00000000390000000000
4.020000 0.059096 0.159804 0.369803 0.296790 0.347144 0.269968 0.498880 0.498880 -0.00000000350000000000
4.040000 0.059120 0.159809 0.369941 0.296877 0.347221 0.270041 0.498921 0.498921 -0.00000000320000000000
4.060000 0.059143 0.159815 0.370074 0.296961 0.347297 0.270113 0.498960 0.498960 -0.00000000300000000000
4.080000 0.059166 0.159820 0.370205 0.297043 0.347370 0.270182 0.498998 0.498998 -0.00000000270000000000
4.100000 0.059188 0.159825 0.370332 0.297123 0.347442 0.270250 0.499035 0.499035 -0.00000000260000000000
4.120000 0.059210 0.159830 0.370455 0.297201 0.347511 0.270315 0.499070 0.499070 -0.00000000250000000000
4.140000 0.059231 0.159834 0.370575 0.297277 0.347578 0.270379 0.499104 0.499104 -0.00000000250000000000
4.160000 0.059251 0.159839 0.370693 0.297350 0.347644 0.270442 0.499136 0.499136 -0.00000000260000000000
4.180000 0.059271 0.159844 0.370807 0.297422 0.347708 0.270503 0.499168 0.499168 -0.00000000250000000000
4.200000 0.059290 0.159848 0.370918 0.297491 0.347770 0.270562 0.499198 0.499198 -0.00000000260000000000
4.220000 0.059309 0.159852 0.371026 0.297559 0.347831 0.270619 0.499228 0.499228 -0.00000000250000000000
4.240000 0.059328 0.159856 0.371131 0.297625 0.347890 0.270675 0.499256 0.499256 -0.00000000250000000000
4.260000 0.059346 0.159860 0.371234 0.297690 0.347947 0.270730 0.499283 0.499283 -0.00000000250000000000
4.280000 0.059363 0.159864 0.371334 0.297752 0.348003 0.270783 0.499309 0.499309 -0.00000000230000000000
4.300000 0.059380 0.159868 0.371431 0.297813 0.348057 0.270835 0.499334 0.499334 -0.00000000220000000000
4.320000 0.059396 0.159872 0.371526 0.297872 0.348110 0.270885 0.499359 0.499359 -0.00000000210000000000
4.340000 0.059413 0.159875 0.371618 0.297930 0.348161 0.270934 0.499382 0.499382 -0.00000000190000000000
4.360000 0.059428 0.159879 0.371708 0.297986 0.348211 0.270982 0.499405 0.499405 -0.00000000170000000000
4.380000 0.059443 0.159882 0.371796 0.298040 0.348259 0.271029 0.499426 0.499426 -0.00000000160000000000
4.400000 0.059458 0.159885 0.371881 0.298093 0.348307 0.271074 0.499447 0.499447 -0.00000000140000000000
4.420000 0.059473 0.159888 0.371964 0.298145 0.348353 0.271118 0.499468 0.499468 -0.00000000130000000000
4.440000 0.059487 0.159891 0.372045 0.298195 0.348397 0.271161 0.499487 0.499487 -0.00000000130000000000
4.460000 0.059500 0.159894 0.372123 0.298244 0.348441 0.271203 0.499506 0.499506 -0.00000000130000000000
4.480000 0.059514 0.159897 0.372200 0.298291 0.348483 0.271243 0.499524 0.499524 -0.00000000130000000000
4.500000 0.059527 0.159900 0.372275 0.298338 0.348524 0.271283 0.499541 0.499541 -0.00000000130000000000
4.520000 0.059539 0.159903 0.372347 0.298383 0.348564 0.271321 0.499558 0.499558 -0.00000000130000000000
4.540000 0.059552 0.159906 0.372418 0.298427 0.348603 0.271359 0.499574 0.499574 -0.00000000130000000000
4.560000 0.059564 0.159908 0.372487 0.298469 0.348641 0.271395 0.499590 0.499590 -0.00000000130000000000
4.580000 0.059575 0.159911 0.372554 0.298511 0.348678 0.271431 0.499605 0.499605 -0.00000000120000000000
4.600000 0.059587 0.159913 0.372619 0.298551 0.348714 0.271466 0.499620 0.499620 -0.00000000120000000000
4.620000 0.059598 0.159916 0.372682 0.298590 0.348749 0.271499 0.499634 0.499634 -0.00000000120000000000
4.640000 0.059608 0.159918 0.372744 0.298628 0.348783 0.271532 0.499647 0.499647 -0.00000000110000000000
4.660000 0.059619 0.159920 0.372804 0.298666 0.348816 0.271564 0.499660 0.499660 -0.00000000100000000000
4.680000 0.059629 0.159922 0.372863 0.298702 0.348848 0.271595 0.499672 0.499672 -0.00000000100000000000
4.700000 0.059639 0.159925 0.372920 0.298737 0.348880 0.271625 0.499684 0.499684 -0.00000000090000000000
4.720000 0.059649 0.159927 0.372976 0.298771 0.348910 0.271655 0.499696 0.499696 -0.00000000090000000000
4.740000 0.059658 0.159929 0.373030 0.298804 0.348940 0.271684 0.499707 0.499707 -0.00000000080000000000
4.760000 0.059667 0.159931 0.373082 0.298837 0.348969 0.271712 0.499718 0.499718 -0.00000000070000000000
4.780000 0.059676 0.159933 0.373134 0.298868 0.348997 0.271739 0.499728 0.499728 -0.00000000060000000000
4.800000 0.059685 0.159934 0.373184 0.298899 0.349024 0.271765 0.499738 0.499738 -0.00000000060000000000
4.820000 0.059693 0.159936 0.373232 0.298929 0.349050 0.271791 0.499748 0.499748 -0.00000000060000000000
4.840000 0.059702 0.159938 0.373279 0.298958 0.349076 0.271816 0.499757 0.499757 -0.00000000070000000000
4.860000 0.059710 0.159940 0.373325 0.298986 0.349101 0.271840 0.499766 0.499766 -0.00000000060000000000
4.880000 0.059717 0.159941 0.373370 0.299014 0.349126 0.271864 0.499775 0.499775 -0.00000000060000000000
4.900000 0.059725 0.159943 0.373414 0.299040 0.349149 0.271887 0.499783 0.499783 -0.00000000060000000000
4.920000 0.059732 0.159944 0.373456 0.299066 0.349173 0.271910 0.499791 0.499791 -0.00000000060000000000
4.940000 0.059739 0.159946 0.373498 0.299092 0.349195 0.271932 0.499799 0.499799 -0.00000000060000000000
4.960000 0.059746 0.159947 0.373538 0.299116 0.349217 0.271953 0.499806 0.499806 -0.00000000050000000000
4.980000 0.059753 0.159949 0.373577 0.299140 0.349238 0.271974 0.499813 0.499813 -0.00000000060000000000
5.000000 0.059760 0.159950 0.373615 0.299164 0.349259 0.271994 0.499820 0.499820 -0.00000000050000000000
5.020000 0.059766 0.159952 0.373652 0.299186 0.349279 0.272014 0.499827 0.499827 -0.00000000050000000000
5.040000 0.059773 0.159953 0.373688 0.299208 0.349299 0.272033 0.499833 0.499833 -0.00000000050000000000
5.060000 0.059779 0.159954 0.373724 0.299230 0.349318 0.272052 0.499839 0.499839 -0.00000000050000000000
5.080000 0.059785 0.159956 0.373758 0.299251 0.349336 0.272070 0.499845 0.499845 -0.00000000040000000000
5.100000 0.059790 0.159957 0.373791 0.299271 0.349354 0.272087 0.499851 0.499851 -0.00000000040000000000
5.120000 0.059796 0.159958 0.373824 0.299291 0.349372 0.272104 0.499856 0.499856 -0.00000000040000000000
5.140000 0.059802 0.159959 0.373855 0.299310 0.349389 0.272121 0.499862 0.499862 -0.00000000030000000000
5.160000 0.059807 0.159960 0.373886 0.299329 0.349406 0.272138 0.499867 0.499867 -0.00000000030000000000
5.180000 0.059812 0.159961 0.373916 0.299347 0.349422 0.272153 0.499872 0.499872 -0.00000000030000000000
5.200000 0.059817 0.159962 0.373945 0.299365 0.349438 0.272169 0.499876 0.499876 -0.00000000020000000000
5.220000 0.059822 0.159963 0.373973 0.299382 0.349453 0.272184 0.499881 0.499881 -0.00000000020000000000
5.240000 0.059827 0.159964 0.374001 0.299399 0.349468 0.272198 0.499885 0.499885 -0.00000000030000000000
5.260000 0.059831 0.159965 0.374028 0.299415 0.349482 0.272213 0.499890 0.499890 -0.00000000020000000000
5.280000 0.059836 0.159966 0.374054 0.299431 0.349496 0.272226 0.499894 0.499894 -0.00000000030000000000
5.300000 0.059840 0.159967 0.374079 0.299447 0.349510 0.272240 0.499898 0.499898 -0.00000000030000000000
5.320000 0.059845 0.159968 0.374104 0.299462 0.349523 0.272253 0.499901 0.499901 -0.00000000030000000000
5.340000 0.059849 0.159969 0.374128 0.299476 0.349536 0.272266 0.499905 0.499905 -0.00000000020000000000
5.360000 0.059853 0.159970 0.374151 0.299490 0.349549 0.272278 0.499908 0.499908 -0.00000000030000000000
5.380000 0.059857 0.159971 0.374174 0.299504 0.349561 0.272290 0.499912 0.499912 -0.00000000030000000000
5.400000 0.059861 0.159972 0.374196 0.299518 0.349573 0.272302 0.499915 0.499915 -0.00000000020000000000
5.420000 0.059865 0.159972 0.374218 0.299531 0.349585 0.272313 0.499918 0.499918 -0.00000000020000000000
5.440000 0.059868 0.159973 0.374239 0.299544 0.349596 0.272325 0.499921 0.499921 -0.00000000020000000000
5.460000 0.059872 0.159974 0.374260 0.299556 0.349607 0.272335 0.499924 0.499924 -0.00000000020000000000
5.480000 0.059875 0.159974 0.374280 0.299568 0.349618 0.272346 0.499927 0.499927 -0.00000000010000000000
5.500000 0.059879 0.159975 0.374299 0.299580 0.349628 0.272356 0.499930 0.499930 -0.00000000020000000000
5.520000 0.059882 0.159976 0.374318 0.299591 0.349638 0.272366 0.499932 0.499932 -0.00000000020000000000
5.540000 0.059885 0.159977 0.374336 0.299602 0.349648 0.272376 0.499935 0.499935 -0.00000000010000000000
5.560000 0.059888 0.159977 0.374354 0.299613 0.349658 0.272385 0.499937 0.499937 -0.00000000020000000000
5.580000 0.059891 0.159978 0.374371 0.299624 0.349667 0.272395 0.499939 0.499939 -0.00000000010000000000
5.600000 0.059894 0.159978 0.374388 0.299634 0.349676 0.272404 0.499942 0.499942 -0.00000000010000000000
5.620000 0.059897 0.159979 0.374405 0.299644 0.349685 0.272412 0.499944 0.499944 -0.00000000020000000000
5.640000 0.059900 0.159980 0.374421 0.299653 0.349693 0.272421 0.499946 0.499946 -0.00000000010000000000
5.660000 0.059902 0.159980 0.374437 0.299663 0.349702 0.272429 0.499948 0.499948 -0.00000000010000000000
5.680000 0.059905 0.159981 0.374452 0.299672 0.349710 0.272437 0.499950 0.499950 -0.00000000010000000000
5.700000 0.059908 0.159981 0.374467 0.299681 0.349718 0.272445 0.499952 0.499952 -0.00000000020000000000
5.720000 0.059910 0.159982 0.374481 0.299690 0.349725 0.272453 0.499954 0.499954 -0.00000000010000000000
5.740000 0.059913 0.159982 0.374495 0.299698 0.349733 0.272460 0.499955 0.499955 -0.00000000010000000000
5.760000 0.059915 0.159983 0.374509 0.299706 0.349740 0.272467 0.499957 0.499957 -0.00000000020000000000
5.780000 0.059917 0.159983 0.374522 0.299714 0.349747 0.272474 0.499959 0.499959 -0.00000000010000000000
5.800000 0.059919 0.159984 0.374535 0.299722 0.349754 0.272481 0.499960 0.499960 -0.00000000010000000000
5.820000 0.059922 0.159984 0.374547 0.299730 0.349761 0.272488 0.499962 0.499962 -0.00000000010000000000
5.840000 0.059924 0.159985 0.374559 0.299737 0.349767 0.272494 0.499963 0.499963 -0.00000000010000000000
5.860000 0.059926 0.159985 0.374571 0.299744 0.349774 0.272500 0.499964 0.499964 -0.00000000010000000000
5.880000 0.059928 0.159985 0.374583 0.299751 0.349780 0.272507 0.499966 0.499966 -0.00000000010000000000
5.900000 0.059930 0.159986 0.374594 0.299758 0.349786 0.272513 0.499967 0.499967 -0.00000000010000000000
5.920000 0.059932 0.159986 0.374605 0.299764 0.349792 0.272518 0.499968 0.499968 0.00000000000000000000
5.940000 0.059933 0.159987 0.374616 0.299771 0.349797 0.272524 0.499969 0.499969 -0.00000000010000000000
5.960000 0.059935 0.159987 0.374626 0.299777 0.349803 0.272529 0.499970 0.499970 -0.00000000010000000000
5.980000 0.059937 0.159987 0.374636 0.299783 0.349808 0.272535 0.499972 0.499972 0.00000000000000000000
6.000000 0.059939 0.159988 0.374646 0.299789 0.349813 0.272540 0.499973 0.499973 -0.00000000010000000000
6.020000 0.059940 0.159988 0.374656 0.299795 0.349819 0.272545 0.499974 0.499974 -0.00000000010000000000
6.040000 0.059942 0.159988 0.374665 0.299800 0.349823 0.272550 0.499975 0.499975 -0.00000000010000000000
6.060000 0.059944 0.159989 0.374674 0.299806 0.349828 0.272555 0.499976 0.499976 0.00000000000000000000
6.080000 0.059945 0.159989 0.374683 0.299811 0.349833 0.272559 0.499976 0.499976 -0.00000000010000000000
6.100000 0.059947 0.159989 0.374691 0.299816 0.349838 0.272564 0.499977 0.499977 -0.00000000010000000000
6.120000 0.059948 0.159989 0.374700 0.299821 0.349842 0.272568 0.499978 0.499978 0.00000000000000000000
6.140000 0.059949 0.159990 0.374708 0.299826 0.349846 0.272573 0.499979 0.499979 0.00000000000000000000
6.160000 0.059951 0.159990 0.374716 0.299831 0.349850 0.272577 0.499980 0.499980 0.00000000000000000000
6.180000 0.059952 0.159990 0.374723 0.299835 0.349855 0.272581 0.499981 0.499981 -0.00000000010000000000
6.200000 0.059953 0.159991 0.374731 0.299840 0.349858 0.272585 0.499981 0.499981 0.00000000000000000000
6.220000 0.059955 0.159991 0.374738 0.299844 0.349862 0.272589 0.499982 0.499982 0.00000000000000000000
6.240000 0.059956 0.159991 0.374745 0.299848 0.349866 0.272593 0.499983 0.499983 0.00000000000000000000
6.260000 0.059957 0.159991 0.374752 0.299853 0.349870 0.272596 0.499983 0.499983 0.00000000000000000000
6.280000 0.059958 0.159992 0.374759 0.299857 0.349873 0.272600 0.499984 0.499984 -0.00000000010000000000
6.300000 0.059959 0.159992 0.374765 0.299861 0.349877 0.272603 0.499985 0.499985 0.00000000000000000000
6.320000 0.059960 0.159992 0.374772 0.299864 0.349880 0.272607 0.499985 0.499985 -0.00000000010000000000
6.340000 0.059962 0.159992 0.374778 0.299868 0.349883 0.272610 0.499986 0.499986 0.00000000000000000000
6.360000 0.059963 0.159992 0.374784 0.299872 0.349887 0.272613 0.499986 0.499986 -0.00000000010000000000
6.380000 0.059964 0.159993 0.374790 0.299875 0.349890 0.272616 0.499987 0.499987 0.00000000000000000000
6.400000 0.059965 0.159993 0.374795 0.299878 0.349893 0.272619 0.499987 0.499987 -0.00000000010000000000
6.420000 0.059966 0.159993 0.374801 0.299882 0.349896 0.272622 0.499988 0.499988 0.00000000000000000000
6.440000 0.059966 0.159993 0.374806 0.299885 0.349898 0.272625 0.499988 0.499988 0.00000000000000000000
6.460000 0.059967 0.159993 0.374812 0.299888 0.349901 0.272628 0.499989 0.499989 0.00000000000000000000
6.480000 0.059968 0.159994 0.374817 0.299891 0.349904 0.272630 0.499989 0.499989 0.00000000000000000000
6.500000 0.059969 0.159994 0.374822 0.299894 0.349906 0.272633 0.499989 0.499989 0.00000000000000000000
6.520000 0.059970 0.159994 0.374827 0.299897 0.349909 0.272636 0.499990 0.499990 0.00000000000000000000
6.540000 0.059971 0.159994 0.374831 0.299900 0.349911 0.272638 0.499990 0.499990 0.00000000000000000000
6.560000 0.059972 0.159994 0.374836 0.299903 0.349914 0.272640 0.499991 0.499991 0.00000000000000000000
6.580000 0.059972 0.159994 0.374840 0.299905 0.349916 0.272643 0.499991 0.499991 0.00000000000000000000
6.600000 0.059973 0.159995 0.374845 0.299908 0.349919 0.272645 0.499991 0.499991 0.00000000000000000000
6.620000 0.059974 0.159995 0.374849 0.299910 0.349921 0.272647 0.499992 0.499992 0.00000000000000000000
6.640000 0.059975 0.159995 0.374853 0.299913 0.349923 0.272649 0.499992 0.499992 0.00000000000000000000
6.660000 0.059975 0.159995 0.374857 0.299915 0.349925 0.272652 0.499992 0.499992 0.00000000000000000000
6.680000 0.059976 0.159995 0.374861 0.299917 0.349927 0.272654 0.499992 0.499992 0.00000000000000000000
6.700000 0.059977 0.159995 0.374865 0.299920 0.349929 0.272656 0.499993 0.499993 0.00000000000000000000
6.720000 0.059977 0.159995 0.374868 0.299922 0.349931 0.272658 0.499993 0.499993 0.00000000000000000000
6.740000 0.059978 0.159996 0.374872 0.299924 0.349933 0.272659 0.499993 0.499993 0.00000000000000000000
6.760000 0.059978 0.159996 0.374875 0.299926 0.349935 0.272661 0.499994 0.499994 0.00000000000000000000
6.780000 0.059979 0.159996 0.374879 0.299928 0.349936 0.272663 0.499994 0.499994 0.00000000000000000000
6.800000 0.059980 0.159996 0.374882 0.299930 0.349938 0.272665 0.499994 0.499994 0.00000000000000000000
6.820000 0.059980 0.159996 0.374885 0.299932 0.349940 0.272667 0.499994 0.499994 0.00000000000000000000
6.840000 0.059981 0.159996 0.374888 0.299934 0.349942 0.272668 0.499994 0.499994 0.00000000000000000000
6.860000 0.059981 0.159996 0.374891 0.299936 0.349943 0.272670 0.499995 0.499995 0.00000000000000000000
6.880000 0.059982 0.159996 0.374894 0.299937 0.349945 0.272671 0.499995 0.499995 0.00000000000000000000
6.900000 0.059982 0.159996 0.374897 0.299939 0.349946 0.272673 0.499995 0.499995 0.00000000000000000000
6.920000 0.059983 0.159997 0.374900 0.299941 0.349948 0.272674 0.499995 0.499995 0.00000000000000000000
6.940000 0.059983 0.159997 0.374903 0.299942 0.349949 0.272676 0.499995 0.499995 0.00000000000000000000
6.960000 0.059984 0.159997 0.374905 0.299944 0.349950 0.272677 0.499996 0.499996 0.00000000000000000000
6.980000 0.059984 0.159997 0.374908 0.299945 0.349952 0.272679 0.499996 0.499996 0.00000000000000000000
7.000000 0.059984 0.159997 0.374910 0.299947 0.349953 0.272680 0.499996 0.499996 0.00000000000000000000
7.020000 0.059985 0.159997 0.374913 0.299948 0.349954 0.272681 0.499996 0.499996 0.00000000000000000000
7.040000 0.059985 0.159997 0.374915 0.299950 0.349956 0.272682 0.499996 0.499996 0.00000000000000000000
7.060000 0.059986 0.159997 0.374917 0.299951 0.349957 0.272684 0.499996 0.499996 0.00000000000000000000
7.080000 0.059986 0.159997 0.374920 0.299952 0.349958 0.272685 0.499997 0.499997 0.00000000000000000000
7.100000 0.059986 0.159997 0.374922 0.299954 0.349959 0.272686 0.499997 0.499997 0.00000000000000000000
7.120000 0.059987 0.159997 0.374924 0.299955 0.349960 0.272687 0.499997 0.499997 0.00000000000000000000
7.140000 0.059987 0.159997 0.374926 0.299956 0.349961 0.272688 0.499997 0.499997 0.00000000000000000000
7.160000 0.059988 0.159998 0.374928 0.299957 0.349962 0.272689 0.499997 0.499997 0.00000000000000000000
7.180000 0.059988 0.159998 0.374930 0.299959 0.349963 0.272690 0.499997 0.499997 0.00000000000000000000
7.200000 0.059988 0.159998 0.374932 0.299960 0.349964 0.272691 0.499997 0.499997 0.00000000000000000000
7.220000 0.059989 0.159998 0.374934 0.299961 0.349965 0.272692 0.499997 0.499997 0.00000000000000000000
7.240000 0.059989 0.159998 0.374936 0.299962 0.349966 0.272693 0.499997 0.499997 0.00000000000000000000
7.260000 0.059989 0.159998 0.374937 0.299963 0.349967 0.272694 0.499998 0.499998 0.00000000000000000000
7.280000 0.059989 0.159998 0.374939 0.299964 0.349968 0.272695 0.499998 0.499998 0.00000000000000000000
7.300000 0.059990 0.159998 0.374941 0.299965 0.349969 0.272696 0.499998 0.499998 0.00000000000000000000
7.320000 0.059990 0.159998 0.374942 0.299966 0.349970 0.272697 0.499998 0.499998 0.00000000000000000000
7.340000 0.059990 0.159998 0.374944 0.299967 0.349971 0.272698 0.499998 0.499998 0.00000000000000000000
7.360000 0.059991 0.159998 0.374945 0.299968 0.349972 0.272698 0.499998 0.499998 0.00000000000000000000
7.380000 0.059991 0.159998 0.374947 0.299969 0.349972 0.272699 0.499998 0.499998 0.00000000000000000000
7.400000 0.059991 0.159998 0.374948 0.299969 0.349973 0.272700 0.499998 0.499998 0.00000000000000000000
7.420000 0.059991 0.159998 0.374950 0.299970 0.349974 0.272701 0.499998 0.499998 0.00000000000000000000
7.440000 0.059992 0.159998 0.374951 0.299971 0.349975 0.272701 0.499998 0.499998 0.00000000000000000000
7.460000 0.059992 0.159998 0.374952 0.299972 0.349975 0.272702 0.499998 0.499998 0.00000000000000000000
7.480000 0.059992 0.159998 0.374954 0.299973 0.349976 0.272703 0.499998 0.499998 0.00000000000000000000
7.500000 0.059992 0.159998 0.374955 0.299973 0.349977 0.272703 0.499998 0.499998 0.00000000000000000000
7.520000 0.059992 0.159998 0.374956 0.299974 0.349977 0.272704 0.499999 0.499999 0.00000000000000000000
7.540000 0.059993 0.159999 0.374957 0.299975 0.349978 0.272705 0.499999 0.499999 0.00000000000000000000
7.560000 0.059993 0.159999 0.374959 0.299976 0.349978 0.272705 0.499999 0.499999 0.00000000000000000000
7.580000 0.059993 0.159999 0.374960 0.299976 0.349979 0.272706 0.499999 0.499999 0.00000000000000000000
7.600000 0.059993 0.159999 0.374961 0.299977 0.349980 0.272707 0.499999 0.499999 0.00000000000000000000
7.620000 0.059993 0.159999 0.374962 0.299977 0.349980 0.272707 0.499999 0.499999 0.00000000000000000000
7.640000 0.059994 0.159999 0.374963 0.299978 0.349981 0.272708 0.499999 0.499999 0.00000000000000000000
7.660000 0.059994 0.159999 0.374964 0.299979 0.349981 0.272708 0.499999 0.499999 0.00000000000000000000
7.680000 0.059994 0.159999 0.374965 0.299979 0.349982 0.272709 0.499999 0.499999 0.00000000000000000000
7.700000 0.059994 0.159999 0.374966 0.299980 0.349982 0.272709 0.499999 0.499999 0.00000000000000000000
7.720000 0.059994 0.159999 0.374967 0.299980 0.349983 0.272710 0.499999 0.499999 0.00000000000000000000
7.740000 0.059994 0.159999 0.374968 0.299981 0.349983 0.272710 0.499999 0.499999 0.00000000000000000000
7.760000 0.059995 0.159999 0.374969 0.299981 0.349984 0.272711 0.499999 0.499999 0.00000000000000000000
7.780000 0.059995 0.159999 0.374969 0.299982 0.349984 0.272711 0.499999 0.499999 0.00000000000000000000
7.800000 0.059995 0.159999 0.374970 0.299982 0.349984 0.272712 0.499999 0.499999 0.00000000000000000000
7.820000 0.059995 0.159999 0.374971 0.299983 0.349985 0.272712 0.499999 0.499999 0.00000000000000000000
7.840000 0.059995 0.159999 0.374972 0.299983 0.349985 0.272712 0.499999 0.499999 0.00000000000000000000
7.860000 0.059995 0.159999 0.374973 0.299984 0.349986 0.272713 0.499999 0.499999 0.00000000000000000000
7.880000 0.059995 0.159999 0.374973 0.299984 0.349986 0.272713 0.499999 0.499999 0.00000000000000000000
7.900000 0.059996 0.159999 0.374974 0.299985 0.349987 0.272714 0.499999 0.499999 0.00000000000000000000
7.920000 0.059996 0.159999 0.374975 0.299985 0.349987 0.272714 0.499999 0.499999 0.00000000000000000000
7.940000 0.059996 0.159999 0.374975 0.299986 0.349987 0.272714 0.499999 0.499999 0.00000000000000000000
7.960000 0.059996 0.159999 0.374976 0.299986 0.349988 0.272715 0.499999 0.499999 0.00000000000000000000
7.980000 0.059996 0.159999 0.374977 0.299986 0.349988 0.272715 0.499999 0.499999 0.00000000000000000000
8.000000 0.059996 0.159999 0.374977 0.299987 0.349988 0.272715 0.499999 0.499999 0.00000000000000000000
8.020000 0.059996 0.159999 0.374978 0.299987 0.349989 0.272716 0.499999 0.499999 0.00000000000000000000
8.040000 0.059996 0.159999 0.374979 0.299987 0.349989 0.272716 0.499999 0.499999 0.00000000000000000000
8.060000 0.059996 0.159999 0.374979 0.299988 0.349989 0.272716 0.500000 0.500000 0.00000000000000000000
8.080000 0.059997 0.159999 0.374980 0.299988 0.349989 0.272717 0.500000 0.500000 0.00000000000000000000
8.100000 0.059997 0.159999 0.374980 0.299988 0.349990 0.272717 0.500000 0.500000 0.00000000000000000000
8.120000 0.059997 0.159999 0.374981 0.299989 0.349990 0.272717 0.500000 0.500000 0.00000000000000000000
8.140000 0.059997 0.159999 0.374981 0.299989 0.349990 0.272717 0.500000 0.500000 0.00000000000000000000
8.160000 0.059997 0.159999 0.374982 0.299989 0.349991 0.272718 0.500000 0.500000 0.00000000000000000000
8.180000 0.059997 0.159999 0.374982 0.299990 0.349991 0.272718 0.500000 0.500000 0.00000000000000000000
8.200000 0.059997 0.159999 0.374983 0.299990 0.349991 0.272718 0.500000 0.500000 0.00000000000000000000
8.220000 0.059997 0.159999 0.374983 0.299990 0.349991 0.272718 0.500000 0.500000 0.00000000000000000000
8.240000 0.059997 0.159999 0.374984 0.299990 0.349992 0.272719 0.500000 0.500000 0.00000000000000000000
8.260000 0.059997 0.159999 0.374984 0.299991 0.349992 0.272719 0.500000 0.500000 0.00000000000000000000
8.280000 0.059997 0.159999 0.374985 0.299991 0.349992 0.272719 0.500000 0.500000 0.00000000000000000000
8.300000 0.059997 0.159999 0.374985 0.299991 0.349992 0.272719 0.500000 0.500000 0.00000000000000000000
8.320000 0.059997 0.160000 0.374986 0.299991 0.349992 0.272720 0.500000 0.500000 0.00000000000000000000
8.340000 0.059998 0.160000 0.374986 0.299992 0.349993 0.272720 0.500000 0.500000 0.00000000000000000000
8.360000 0.059998 0.160000 0.374986 0.299992 0.349993 0.272720 0.500000 0.500000 0.00000000000000000000
8.380000 0.059998 0.160000 0.374987 0.299992 0.349993 0.272720 0.500000 0.500000 0.00000000000000000000
8.400000 0.059998 0.160000 0.374987 0.299992 0.349993 0.272720 0.500000 0.500000 0.00000000000000000000
8.420000 0.059998 0.160000 0.374987 0.299993 0.349993 0.272721 0.500000 0.500000 0.00000000000000000000
8.440000 0.059998 0.160000 0.374988 0.299993 0.349994 0.272721 0.500000 0.500000 0.00000000000000000000
8.460000 0.059998 0.160000 0.374988 0.299993 0.349994 0.272721 0.500000 0.500000 0.00000000000000000000
8.480000 0.059998 0.160000 0.374988 0.299993 0.349994 0.272721 0.500000 0.500000 0.00000000000000000000
8.500000 0.059998 0.160000 0.374989 0.299993 0.349994 0.272721 0.500000 0.500000 0.00000000000000000000
8.520000 0.059998 0.160000 0.374989 0.299994 0.349994 0.272721 0.500000 0.500000 0.00000000000000000000
8.540000 0.059998 0.160000 0.374989 0.299994 0.349994 0.272722 0.500000 0.500000 0.00000000000000000000
8.560000 0.059998 0.160000 0.374990 0.299994 0.349995 0.272722 0.500000 0.500000 0.00000000000000000000
8.580000 0.059998 0.160000 0.374990 0.299994 0.349995 0.272722 0.500000 0.500000 0.00000000000000000000
8.600000 0.059998 0.160000 0.374990 0.299994 0.349995 0.272722 0.500000 0.500000 0.00000000000000000000
8.620000 0.059998 0.160000 0.374990 0.299994 0.349995 0.272722 0.500000 0.500000 0.00000000000000000000
8.640000 0.059998 0.160000 0.374991 0.299995 0.349995 0.272722 0.500000 0.500000 0.00000000000000000000
8.660000 0.059998 0.160000 0.374991 0.299995 0.349995 0.272722 0.500000 0.500000 0.00000000000000000000
8.680000 0.059998 0.160000 0.374991 0.299995 0.349995 0.272723 0.500000 0.500000 0.00000000000000000000
8.700000 0.059999 0.160000 0.374991 0.299995 0.349996 0.272723 0.500000 0.500000 0.00000000000000000000
8.720000 0.059999 0.160000 0.374992 0.299995 0.349996 0.272723 0.500000 0.500000 0.00000000000000000000
8.740000 0.059999 0.160000 0.374992 0.299995 0.349996 0.272723 0.500000 0.500000 0.00000000000000000000
8.760000 0.059999 0.160000 0.374992 0.299995 0.349996 0.272723 0.500000 0.500000 0.00000000000000000000
8.780000 0.059999 0.160000 0.374992 0.299995 0.349996 0.272723 0.500000 0.500000 0.00000000000000000000
8.800000 0.059999 0.160000 0.374993 0.299996 0.349996 0.272723 0.500000 0.500000 0.00000000000000000000
8.820000 0.059999 0.160000 0.374993 0.299996 0.349996 0.272723 0.500000 0.500000 0.00000000000000000000
8.840000 0.059999 0.160000 0.374993 0.299996 0.349996 0.272724 0.500000 0.500000 0.00000000000000000000
8.860000 0.059999 0.160000 0.374993 0.299996 0.349996 0.272724 0.500000 0.500000 0.00000000000000000000
8.880000 0.059999 0.160000 0.374993 0.299996 0.349997 0.272724 0.500000 0.500000 0.00000000000000000000
8.900000 0.059999 0.160000 0.374994 0.299996 0.349997 0.272724 0.500000 0.500000 0.00000000000000000000
8.920000 0.059999 0.160000 0.374994 0.299996 0.349997 0.272724 0.500000 0.500000 0.00000000000000000000
8.940000 0.059999 0.160000 0.374994 0.299996 0.349997 0.272724 0.500000 0.500000 0.00000000000000000000
8.960000 0.059999 0.160000 0.374994 0.299997 0.349997 0.272724 0.500000 0.500000 0.00000000000000000000
8.980000 0.059999 0.160000 0.374994 0.299997 0.349997 0.272724 0.500000 0.500000 0.00000000000000000000
9.000000 0.059999 0.160000 0.374994 0.299997 0.349997 0.272724 0.500000 0.500000 0.00000000000000000000
9.020000 0.059999 0.160000 0.374995 0.299997 0.349997 0.272724 0.500000 0.500000 0.00000000000000000000
9.040000 0.059999 0.160000 0.374995 0.299997 0.349997 0.272724 0.500000 0.500000 0.00000000000000000000
9.060000 0.059999 0.160000 0.374995 0.299997 0.349997 0.272725 0.500000 0.500000 0.00000000000000000000
9.080000 0.059999 0.160000 0.374995 0.299997 0.349997 0.272725 0.500000 0.500000 0.00000000000000000000
9.100000 0.059999 0.160000 0.374995 0.299997 0.349997 0.272725 0.500000 0.500000 0.00000000000000000000
9.120000 0.059999 0.160000 0.374995 0.299997 0.349998 0.272725 0.500000 0.500000 0.00000000000000000000
9.140000 0.059999 0.160000 0.374995 0.299997 0.349998 0.272725 0.500000 0.500000 0.00000000000000000000
9.160000 0.059999 0.160000 0.374996 0.299997 0.349998 0.272725 0.500000 0.500000 0.00000000000000000000
9.180000 0.059999 0.160000 0.374996 0.299997 0.349998 0.272725 0.500000 0.500000 0.00000000000000000000
9.200000 0.059999 0.160000 0.374996 0.299998 0.349998 0.272725 0.500000 0.500000 0.00000000000000000000
9.220000 0.059999 0.160000 0.374996 0.299998 0.349998 0.272725 0.500000 0.500000 0.00000000000000000000
9.240000 0.059999 0.160000 0.374996 0.299998 0.349998 0.272725 0.500000 0.500000 0.00000000000000000000
9.260000 0.059999 0.160000 0.374996 0.299998 0.349998 0.272725 0.500000 0.500000 0.00000000000000000000
9.280000 0.059999 0.160000 0.374996 0.299998 0.349998 0.272725 0.500000 0.500000 0.00000000000000000000
9.300000 0.059999 0.160000 0.374996 0.299998 0.349998 0.272725 0.500000 0.500000 0.00000000000000000000
9.320000 0.059999 0.160000 0.374996 0.299998 0.349998 0.272725 0.500000 0.500000 0.00000000000000000000
9.340000 0.059999 0.160000 0.374997 0.299998 0.349998 0.272725 0.500000 0.500000 0.00000000010000000000
9.360000 0.059999 0.160000 0.374997 0.299998 0.349998 0.272725 0.500000 0.500000 0.00000000010000000000
9.380000 0.059999 0.160000 0.374997 0.299998 0.349998 0.272726 0.500000 0.500000 0.00000000020000000000
9.400000 0.059999 0.160000 0.374997 0.299998 0.349998 0.272726 0.500000 0.500000 0.00000000020000000000
9.420000 0.059999 0.160000 0.374997 0.299998 0.349998 0.272726 0.500000 0.500000 0.00000000010000000000
9.440000 0.059999 0.160000 0.374997 0.299998 0.349998 0.272726 0.500000 0.500000 0.00000000020000000000
9.460000 0.059999 0.160000 0.374997 0.299998 0.349998 0.272726 0.500000 0.500000 0.00000000020000000000
9.480000 0.060000 0.160000 0.374997 0.299998 0.349999 0.272726 0.500000 0.500000 0.00000000010000000000
9.500000 0.060000 0.160000 0.374997 0.299998 0.349999 0.272726 0.500000 0.500000 0.00000000020000000000
9.520000 0.060000 0.160000 0.374997 0.299998 0.349999 0.272726 0.500000 0.500000 0.00000000010000000000
9.540000 0.060000 0.160000 0.374997 0.299998 0.349999 0.272726 0.500000 0.500000 0.00000000020000000000
9.560000 0.060000 0.160000 0.374997 0.299998 0.349999 0.272726 0.500000 0.500000 0.00000000020000000000
9.580000 0.060000 0.160000 0.374997 0.299999 0.349999 0.272726 0.500000 0.500000 0.00000000010000000000
9.600000 0.060000 0.160000 0.374998 0.299999 0.349999 0.272726 0.500000 0.500000 0.00000000010000000000
9.620000 0.060000 0.160000 0.374998 0.299999 0.349999 0.272726 0.500000 0.500000 0.00000000020000000000
9.640000 0.060000 0.160000 0.374998 0.299999 0.349999 0.272726 0.500000 0.500000 0.00000000010000000000
9.660000 0.060000 0.160000 0.374998 0.299999 0.349999 0.272726 0.500000 0.500000 0.00000000020000000000
9.680000 0.060000 0.160000 0.374998 0.299999 0.349999 0.272726 0.500000 0.500000 0.00000000010000000000
9.700000 0.060000 0.160000 0.374998 0.299999 0.349999 0.272726 0.500000 0.500000 0.00000000010000000000
9.720000 0.060000 0.160000 0.374998 0.299999 0.349999 0.272726 0.500000 0.500000 0.00000000010000000000
9.740000 0.060000 0.160000 0.374998 0.299999 0.349999 0.272726 0.500000 0.500000 0.00000000010000000000
9.760000 0.060000 0.160000 0.374998 0.299999 0.349999 0.272726 0.500000 0.500000 0.00000000000000000000
9.780000 0.060000 0.160000 0.374998 0.299999 0.349999 0.272726 0.500000 0.500000 0.00000000000000000000
9.800000 0.060000 0.160000 0.374998 0.299999 0.349999 0.272726 0.500000 0.500000 0.00000000000000000000
9.820000 0.060000 0.160000 0.374998 0.299999 0.349999 0.272726 0.500000 0.500000 0.00000000000000000000
9.840000 0.060000 0.160000 0.374998 0.299999 0.349999 0.272726 0.500000 0.500000 0.00000000000000000000
9.860000 0.060000 0.160000 0.374998 0.299999 0.349999 0.272726 0.500000 0.500000 0.00000000000000000000
9.880000 0.060000 0.160000 0.374998 0.299999 0.349999 0.272726 0.500000 0.500000 0.00000000000000000000
9.900000 0.060000 0.160000 0.374998 0.299999 0.349999 0.272726 0.500000 0.500000 0.00000000000000000000
9.920000 0.060000 0.160000 0.374998 0.299999 0.349999 0.272726 0.500000 0.500000 0.00000000000000000000
9.940000 0.060000 0.160000 0.374999 0.299999 0.349999 0.272726 0.500000 0.500000 0.00000000000000000000
9.960000 0.060000 0.160000 0.374999 0.299999 0.349999 0.272727 0.500000 0.500000 0.00000000020000000000
9.980000 0.060000 0.160000 0.374999 0.299999 0.349999 0.272727 0.500000 0.500000 0.00000000010000000000
10.000000 0.060000 0.160000 0.374999 0.299999 0.349999 0.272727 0.500000 0.500000 0.00000000000000000000
