# KaDE -l 6 --count Occurrences ode.4.12.1.red.ka --output ode.4.12.1.red --output-plot ../data/ode.4.12.1.red.data
# [T],A,|A.x-x|,
0.000000,6.000000,0.000000,
0.010000,4.849931,0.575035,
0.020000,4.088254,0.955873,
0.030000,3.551259,1.224370,
0.040000,3.156221,1.421890,
0.050000,2.855655,1.572172,
0.060000,2.621509,1.689245,
0.070000,2.435842,1.782079,
0.080000,2.285950,1.857025,
0.090000,2.163258,1.918371,
0.100000,2.062928,1.968536,
0.110000,1.978839,2.010580,
0.120000,1.908917,2.045541,
0.130000,1.849902,2.075049,
0.140000,1.800284,2.099858,
0.150000,1.757997,2.121002,
0.160000,1.722174,2.138913,
0.170000,1.691447,2.154277,
0.180000,1.665274,2.167363,
0.190000,1.642721,2.178639,
0.200000,1.623435,2.188283,
0.210000,1.606759,2.196621,
0.220000,1.592456,2.203772,
0.230000,1.580059,2.209971,
0.240000,1.569403,2.215299,
0.250000,1.560149,2.219926,
0.260000,1.552182,2.223909,
0.270000,1.545253,2.227373,
0.280000,1.539281,2.230359,
0.290000,1.534082,2.232959,
0.300000,1.529597,2.235202,
0.310000,1.525689,2.237156,
0.320000,1.522315,2.238842,
0.330000,1.519374,2.240313,
0.340000,1.516834,2.241583,
0.350000,1.514618,2.242691,
0.360000,1.512703,2.243648,
0.370000,1.511033,2.244483,
0.380000,1.509589,2.245205,
0.390000,1.508330,2.245835,
0.400000,1.507240,2.246380,
0.410000,1.506290,2.246855,
0.420000,1.505468,2.247266,
0.430000,1.504750,2.247625,
0.440000,1.504129,2.247935,
0.450000,1.503588,2.248206,
0.460000,1.503119,2.248440,
0.470000,1.502710,2.248645,
0.480000,1.502356,2.248822,
0.490000,1.502047,2.248976,
0.500000,1.501780,2.249110,
0.510000,1.501546,2.249227,
0.520000,1.501345,2.249328,
0.530000,1.501168,2.249416,
0.540000,1.501016,2.249492,
0.550000,1.500883,2.249559,
0.560000,1.500767,2.249616,
0.570000,1.500667,2.249667,
0.580000,1.500580,2.249710,
0.590000,1.500504,2.249748,
0.600000,1.500438,2.249781,
0.610000,1.500381,2.249810,
0.620000,1.500331,2.249835,
0.630000,1.500288,2.249856,
0.640000,1.500250,2.249875,
0.650000,1.500217,2.249891,
0.660000,1.500189,2.249906,
0.670000,1.500164,2.249918,
0.680000,1.500143,2.249929,
0.690000,1.500124,2.249938,
0.700000,1.500108,2.249946,
0.710000,1.500094,2.249953,
0.720000,1.500081,2.249959,
0.730000,1.500071,2.249965,
0.740000,1.500062,2.249969,
0.750000,1.500053,2.249973,
0.760000,1.500047,2.249977,
0.770000,1.500040,2.249980,
0.780000,1.500035,2.249982,
0.790000,1.500031,2.249985,
0.800000,1.500027,2.249987,
0.810000,1.500023,2.249988,
0.820000,1.500020,2.249990,
0.830000,1.500017,2.249991,
0.840000,1.500015,2.249992,
0.850000,1.500013,2.249993,
0.860000,1.500011,2.249994,
0.870000,1.500010,2.249995,
0.880000,1.500009,2.249996,
0.890000,1.500008,2.249996,
0.900000,1.500007,2.249997,
0.910000,1.500006,2.249997,
0.920000,1.500005,2.249998,
0.930000,1.500004,2.249998,
0.940000,1.500004,2.249998,
0.950000,1.500003,2.249998,
0.960000,1.500003,2.249999,
0.970000,1.500002,2.249999,
0.980000,1.500002,2.249999,
0.990000,1.500002,2.249999,
1.000000,1.500002,2.249999,
1.010000,1.500001,2.249999,
1.020000,1.500001,2.249999,
1.030000,1.500001,2.249999,
1.040000,1.500001,2.250000,
1.050000,1.500001,2.250000,
1.060000,1.500001,2.250000,
1.070000,1.500001,2.250000,
1.080000,1.500001,2.250000,
1.090000,1.500000,2.250000,
1.100000,1.500000,2.250000,
1.110000,1.500000,2.250000,
1.120000,1.500000,2.250000,
1.130000,1.500000,2.250000,
1.140000,1.500000,2.250000,
1.150000,1.500000,2.250000,
1.160000,1.500000,2.250000,
1.170000,1.500000,2.250000,
1.180000,1.500000,2.250000,
1.190000,1.500000,2.250000,
1.200000,1.500000,2.250000,
1.210000,1.500000,2.250000,
1.220000,1.500000,2.250000,
1.230000,1.500000,2.250000,
1.240000,1.500000,2.250000,
1.250000,1.500000,2.250000,
1.260000,1.500000,2.250000,
1.270000,1.500000,2.250000,
1.280000,1.500000,2.250000,
1.290000,1.500000,2.250000,
1.300000,1.500000,2.250000,
1.310000,1.500000,2.250000,
1.320000,1.500000,2.250000,
1.330000,1.500000,2.250000,
1.340000,1.500000,2.250000,
1.350000,1.500000,2.250000,
1.360000,1.500000,2.250000,
1.370000,1.500000,2.250000,
1.380000,1.500000,2.250000,
1.390000,1.500000,2.250000,
1.400000,1.500000,2.250000,
1.410000,1.500000,2.250000,
1.420000,1.500000,2.250000,
1.430000,1.500000,2.250000,
1.440000,1.500000,2.250000,
1.450000,1.500000,2.250000,
1.460000,1.500000,2.250000,
1.470000,1.500000,2.250000,
1.480000,1.500000,2.250000,
1.490000,1.500000,2.250000,
1.500000,1.500000,2.250000,
1.510000,1.500000,2.250000,
1.520000,1.500000,2.250000,
1.530000,1.500000,2.250000,
1.540000,1.500000,2.250000,
1.550000,1.500000,2.250000,
1.560000,1.500000,2.250000,
1.570000,1.500000,2.250000,
1.580000,1.500000,2.250000,
1.590000,1.500000,2.250000,
1.600000,1.500000,2.250000,
1.610000,1.500000,2.250000,
1.620000,1.500000,2.250000,
1.630000,1.500000,2.250000,
1.640000,1.500000,2.250000,
1.650000,1.500000,2.250000,
1.660000,1.500000,2.250000,
1.670000,1.500000,2.250000,
1.680000,1.500000,2.250000,
1.690000,1.500000,2.250000,
1.700000,1.500000,2.250000,
1.710000,1.500000,2.250000,
1.720000,1.500000,2.250000,
1.730000,1.500000,2.250000,
1.740000,1.500000,2.250000,
1.750000,1.500000,2.250000,
1.760000,1.500000,2.250000,
1.770000,1.500000,2.250000,
1.780000,1.500000,2.250000,
1.790000,1.500000,2.250000,
1.800000,1.500000,2.250000,
1.810000,1.500000,2.250000,
1.820000,1.500000,2.250000,
1.830000,1.500000,2.250000,
1.840000,1.500000,2.250000,
1.850000,1.500000,2.250000,
1.860000,1.500000,2.250000,
1.870000,1.500000,2.250000,
1.880000,1.500000,2.250000,
1.890000,1.500000,2.250000,
1.900000,1.500000,2.250000,
1.910000,1.500000,2.250000,
1.920000,1.500000,2.250000,
1.930000,1.500000,2.250000,
1.940000,1.500000,2.250000,
1.950000,1.500000,2.250000,
1.960000,1.500000,2.250000,
1.970000,1.500000,2.250000,
1.980000,1.500000,2.250000,
1.990000,1.500000,2.250000,
2.000000,1.500000,2.250000,
2.010000,1.500000,2.250000,
2.020000,1.500000,2.250000,
2.030000,1.500000,2.250000,
2.040000,1.500000,2.250000,
2.050000,1.500000,2.250000,
2.060000,1.500000,2.250000,
2.070000,1.500000,2.250000,
2.080000,1.500000,2.250000,
2.090000,1.500000,2.250000,
2.100000,1.500000,2.250000,
2.110000,1.500000,2.250000,
2.120000,1.500000,2.250000,
2.130000,1.500000,2.250000,
2.140000,1.500000,2.250000,
2.150000,1.500000,2.250000,
2.160000,1.500000,2.250000,
2.170000,1.500000,2.250000,
2.180000,1.500000,2.250000,
2.190000,1.500000,2.250000,
2.200000,1.500000,2.250000,
2.210000,1.500000,2.250000,
2.220000,1.500000,2.250000,
2.230000,1.500000,2.250000,
2.240000,1.500000,2.250000,
2.250000,1.500000,2.250000,
2.260000,1.500000,2.250000,
2.270000,1.500000,2.250000,
2.280000,1.500000,2.250000,
2.290000,1.500000,2.250000,
2.300000,1.500000,2.250000,
2.310000,1.500000,2.250000,
2.320000,1.500000,2.250000,
2.330000,1.500000,2.250000,
2.340000,1.500000,2.250000,
2.350000,1.500000,2.250000,
2.360000,1.500000,2.250000,
2.370000,1.500000,2.250000,
2.380000,1.500000,2.250000,
2.390000,1.500000,2.250000,
2.400000,1.500000,2.250000,
2.410000,1.500000,2.250000,
2.420000,1.500000,2.250000,
2.430000,1.500000,2.250000,
2.440000,1.500000,2.250000,
2.450000,1.500000,2.250000,
2.460000,1.500000,2.250000,
2.470000,1.500000,2.250000,
2.480000,1.500000,2.250000,
2.490000,1.500000,2.250000,
2.500000,1.500000,2.250000,
2.510000,1.500000,2.250000,
2.520000,1.500000,2.250000,
2.530000,1.500000,2.250000,
2.540000,1.500000,2.250000,
2.550000,1.500000,2.250000,
2.560000,1.500000,2.250000,
2.570000,1.500000,2.250000,
2.580000,1.500000,2.250000,
2.590000,1.500000,2.250000,
2.600000,1.500000,2.250000,
2.610000,1.500000,2.250000,
2.620000,1.500000,2.250000,
2.630000,1.500000,2.250000,
2.640000,1.500000,2.250000,
2.650000,1.500000,2.250000,
2.660000,1.500000,2.250000,
2.670000,1.500000,2.250000,
2.680000,1.500000,2.250000,
2.690000,1.500000,2.250000,
2.700000,1.500000,2.250000,
2.710000,1.500000,2.250000,
2.720000,1.500000,2.250000,
2.730000,1.500000,2.250000,
2.740000,1.500000,2.250000,
2.750000,1.500000,2.250000,
2.760000,1.500000,2.250000,
2.770000,1.500000,2.250000,
2.780000,1.500000,2.250000,
2.790000,1.500000,2.250000,
2.800000,1.500000,2.250000,
2.810000,1.500000,2.250000,
2.820000,1.500000,2.250000,
2.830000,1.500000,2.250000,
2.840000,1.500000,2.250000,
2.850000,1.500000,2.250000,
2.860000,1.500000,2.250000,
2.870000,1.500000,2.250000,
2.880000,1.500000,2.250000,
2.890000,1.500000,2.250000,
2.900000,1.500000,2.250000,
2.910000,1.500000,2.250000,
2.920000,1.500000,2.250000,
2.930000,1.500000,2.250000,
2.940000,1.500000,2.250000,
2.950000,1.500000,2.250000,
2.960000,1.500000,2.250000,
2.970000,1.500000,2.250000,
2.980000,1.500000,2.250000,
2.990000,1.500000,2.250000,
3.000000,1.500000,2.250000,
3.010000,1.500000,2.250000,
3.020000,1.500000,2.250000,
3.030000,1.500000,2.250000,
3.040000,1.500000,2.250000,
3.050000,1.500000,2.250000,
3.060000,1.500000,2.250000,
3.070000,1.500000,2.250000,
3.080000,1.500000,2.250000,
3.090000,1.500000,2.250000,
3.100000,1.500000,2.250000,
3.110000,1.500000,2.250000,
3.120000,1.500000,2.250000,
3.130000,1.500000,2.250000,
3.140000,1.500000,2.250000,
3.150000,1.500000,2.250000,
3.160000,1.500000,2.250000,
3.170000,1.500000,2.250000,
3.180000,1.500000,2.250000,
3.190000,1.500000,2.250000,
3.200000,1.500000,2.250000,
3.210000,1.500000,2.250000,
3.220000,1.500000,2.250000,
3.230000,1.500000,2.250000,
3.240000,1.500000,2.250000,
3.250000,1.500000,2.250000,
3.260000,1.500000,2.250000,
3.270000,1.500000,2.250000,
3.280000,1.500000,2.250000,
3.290000,1.500000,2.250000,
3.300000,1.500000,2.250000,
3.310000,1.500000,2.250000,
3.320000,1.500000,2.250000,
3.330000,1.500000,2.250000,
3.340000,1.500000,2.250000,
3.350000,1.500000,2.250000,
3.360000,1.500000,2.250000,
3.370000,1.500000,2.250000,
3.380000,1.500000,2.250000,
3.390000,1.500000,2.250000,
3.400000,1.500000,2.250000,
3.410000,1.500000,2.250000,
3.420000,1.500000,2.250000,
3.430000,1.500000,2.250000,
3.440000,1.500000,2.250000,
3.450000,1.500000,2.250000,
3.460000,1.500000,2.250000,
3.470000,1.500000,2.250000,
3.480000,1.500000,2.250000,
3.490000,1.500000,2.250000,
3.500000,1.500000,2.250000,
3.510000,1.500000,2.250000,
3.520000,1.500000,2.250000,
3.530000,1.500000,2.250000,
3.540000,1.500000,2.250000,
3.550000,1.500000,2.250000,
3.560000,1.500000,2.250000,
3.570000,1.500000,2.250000,
3.580000,1.500000,2.250000,
3.590000,1.500000,2.250000,
3.600000,1.500000,2.250000,
3.610000,1.500000,2.250000,
3.620000,1.500000,2.250000,
3.630000,1.500000,2.250000,
3.640000,1.500000,2.250000,
3.650000,1.500000,2.250000,
3.660000,1.500000,2.250000,
3.670000,1.500000,2.250000,
3.680000,1.500000,2.250000,
3.690000,1.500000,2.250000,
3.700000,1.500000,2.250000,
3.710000,1.500000,2.250000,
3.720000,1.500000,2.250000,
3.730000,1.500000,2.250000,
3.740000,1.500000,2.250000,
3.750000,1.500000,2.250000,
3.760000,1.500000,2.250000,
3.770000,1.500000,2.250000,
3.780000,1.500000,2.250000,
3.790000,1.500000,2.250000,
3.800000,1.500000,2.250000,
3.810000,1.500000,2.250000,
3.820000,1.500000,2.250000,
3.830000,1.500000,2.250000,
3.840000,1.500000,2.250000,
3.850000,1.500000,2.250000,
3.860000,1.500000,2.250000,
3.870000,1.500000,2.250000,
3.880000,1.500000,2.250000,
3.890000,1.500000,2.250000,
3.900000,1.500000,2.250000,
3.910000,1.500000,2.250000,
3.920000,1.500000,2.250000,
3.930000,1.500000,2.250000,
3.940000,1.500000,2.250000,
3.950000,1.500000,2.250000,
3.960000,1.500000,2.250000,
3.970000,1.500000,2.250000,
3.980000,1.500000,2.250000,
3.990000,1.500000,2.250000,
4.000000,1.500000,2.250000,
4.010000,1.500000,2.250000,
4.020000,1.500000,2.250000,
4.030000,1.500000,2.250000,
4.040000,1.500000,2.250000,
4.050000,1.500000,2.250000,
4.060000,1.500000,2.250000,
4.070000,1.500000,2.250000,
4.080000,1.500000,2.250000,
4.090000,1.500000,2.250000,
4.100000,1.500000,2.250000,
4.110000,1.500000,2.250000,
4.120000,1.500000,2.250000,
4.130000,1.500000,2.250000,
4.140000,1.500000,2.250000,
4.150000,1.500000,2.250000,
4.160000,1.500000,2.250000,
4.170000,1.500000,2.250000,
4.180000,1.500000,2.250000,
4.190000,1.500000,2.250000,
4.200000,1.500000,2.250000,
4.210000,1.500000,2.250000,
4.220000,1.500000,2.250000,
4.230000,1.500000,2.250000,
4.240000,1.500000,2.250000,
4.250000,1.500000,2.250000,
4.260000,1.500000,2.250000,
4.270000,1.500000,2.250000,
4.280000,1.500000,2.250000,
4.290000,1.500000,2.250000,
4.300000,1.500000,2.250000,
4.310000,1.500000,2.250000,
4.320000,1.500000,2.250000,
4.330000,1.500000,2.250000,
4.340000,1.500000,2.250000,
4.350000,1.500000,2.250000,
4.360000,1.500000,2.250000,
4.370000,1.500000,2.250000,
4.380000,1.500000,2.250000,
4.390000,1.500000,2.250000,
4.400000,1.500000,2.250000,
4.410000,1.500000,2.250000,
4.420000,1.500000,2.250000,
4.430000,1.500000,2.250000,
4.440000,1.500000,2.250000,
4.450000,1.500000,2.250000,
4.460000,1.500000,2.250000,
4.470000,1.500000,2.250000,
4.480000,1.500000,2.250000,
4.490000,1.500000,2.250000,
4.500000,1.500000,2.250000,
4.510000,1.500000,2.250000,
4.520000,1.500000,2.250000,
4.530000,1.500000,2.250000,
4.540000,1.500000,2.250000,
4.550000,1.500000,2.250000,
4.560000,1.500000,2.250000,
4.570000,1.500000,2.250000,
4.580000,1.500000,2.250000,
4.590000,1.500000,2.250000,
4.600000,1.500000,2.250000,
4.610000,1.500000,2.250000,
4.620000,1.500000,2.250000,
4.630000,1.500000,2.250000,
4.640000,1.500000,2.250000,
4.650000,1.500000,2.250000,
4.660000,1.500000,2.250000,
4.670000,1.500000,2.250000,
4.680000,1.500000,2.250000,
4.690000,1.500000,2.250000,
4.700000,1.500000,2.250000,
4.710000,1.500000,2.250000,
4.720000,1.500000,2.250000,
4.730000,1.500000,2.250000,
4.740000,1.500000,2.250000,
4.750000,1.500000,2.250000,
4.760000,1.500000,2.250000,
4.770000,1.500000,2.250000,
4.780000,1.500000,2.250000,
4.790000,1.500000,2.250000,
4.800000,1.500000,2.250000,
4.810000,1.500000,2.250000,
4.820000,1.500000,2.250000,
4.830000,1.500000,2.250000,
4.840000,1.500000,2.250000,
4.850000,1.500000,2.250000,
4.860000,1.500000,2.250000,
4.870000,1.500000,2.250000,
4.880000,1.500000,2.250000,
4.890000,1.500000,2.250000,
4.900000,1.500000,2.250000,
4.910000,1.500000,2.250000,
4.920000,1.500000,2.250000,
4.930000,1.500000,2.250000,
4.940000,1.500000,2.250000,
4.950000,1.500000,2.250000,
4.960000,1.500000,2.250000,
4.970000,1.500000,2.250000,
4.980000,1.500000,2.250000,
4.990000,1.500000,2.250000,
5.000000,1.500000,2.250000,
5.010000,1.500000,2.250000,
5.020000,1.500000,2.250000,
5.030000,1.500000,2.250000,
5.040000,1.500000,2.250000,
5.050000,1.500000,2.250000,
5.060000,1.500000,2.250000,
5.070000,1.500000,2.250000,
5.080000,1.500000,2.250000,
5.090000,1.500000,2.250000,
5.100000,1.500000,2.250000,
5.110000,1.500000,2.250000,
5.120000,1.500000,2.250000,
5.130000,1.500000,2.250000,
5.140000,1.500000,2.250000,
5.150000,1.500000,2.250000,
5.160000,1.500000,2.250000,
5.170000,1.500000,2.250000,
5.180000,1.500000,2.250000,
5.190000,1.500000,2.250000,
5.200000,1.500000,2.250000,
5.210000,1.500000,2.250000,
5.220000,1.500000,2.250000,
5.230000,1.500000,2.250000,
5.240000,1.500000,2.250000,
5.250000,1.500000,2.250000,
5.260000,1.500000,2.250000,
5.270000,1.500000,2.250000,
5.280000,1.500000,2.250000,
5.290000,1.500000,2.250000,
5.300000,1.500000,2.250000,
5.310000,1.500000,2.250000,
5.320000,1.500000,2.250000,
5.330000,1.500000,2.250000,
5.340000,1.500000,2.250000,
5.350000,1.500000,2.250000,
5.360000,1.500000,2.250000,
5.370000,1.500000,2.250000,
5.380000,1.500000,2.250000,
5.390000,1.500000,2.250000,
5.400000,1.500000,2.250000,
5.410000,1.500000,2.250000,
5.420000,1.500000,2.250000,
5.430000,1.500000,2.250000,
5.440000,1.500000,2.250000,
5.450000,1.500000,2.250000,
5.460000,1.500000,2.250000,
5.470000,1.500000,2.250000,
5.480000,1.500000,2.250000,
5.490000,1.500000,2.250000,
5.500000,1.500000,2.250000,
5.510000,1.500000,2.250000,
5.520000,1.500000,2.250000,
5.530000,1.500000,2.250000,
5.540000,1.500000,2.250000,
5.550000,1.500000,2.250000,
5.560000,1.500000,2.250000,
5.570000,1.500000,2.250000,
5.580000,1.500000,2.250000,
5.590000,1.500000,2.250000,
5.600000,1.500000,2.250000,
5.610000,1.500000,2.250000,
5.620000,1.500000,2.250000,
5.630000,1.500000,2.250000,
5.640000,1.500000,2.250000,
5.650000,1.500000,2.250000,
5.660000,1.500000,2.250000,
5.670000,1.500000,2.250000,
5.680000,1.500000,2.250000,
5.690000,1.500000,2.250000,
5.700000,1.500000,2.250000,
5.710000,1.500000,2.250000,
5.720000,1.500000,2.250000,
5.730000,1.500000,2.250000,
5.740000,1.500000,2.250000,
5.750000,1.500000,2.250000,
5.760000,1.500000,2.250000,
5.770000,1.500000,2.250000,
5.780000,1.500000,2.250000,
5.790000,1.500000,2.250000,
5.800000,1.500000,2.250000,
5.810000,1.500000,2.250000,
5.820000,1.500000,2.250000,
5.830000,1.500000,2.250000,
5.840000,1.500000,2.250000,
5.850000,1.500000,2.250000,
5.860000,1.500000,2.250000,
5.870000,1.500000,2.250000,
5.880000,1.500000,2.250000,
5.890000,1.500000,2.250000,
5.900000,1.500000,2.250000,
5.910000,1.500000,2.250000,
5.920000,1.500000,2.250000,
5.930000,1.500000,2.250000,
5.940000,1.500000,2.250000,
5.950000,1.500000,2.250000,
5.960000,1.500000,2.250000,
5.970000,1.500000,2.250000,
5.980000,1.500000,2.250000,
5.990000,1.500000,2.250000,
6.000000,1.500000,2.250000,
