# KaDE -l 6 --count Occurrences ode.4.12.2.ka --output ode.4.12.2 --output-plot ../data/ode.4.12.2.data
# [T],mono,dimer,q1,q2,
0.000000,2.000000,4.000000,0.000000,0.000000,
0.010000,2.000000,4.000000,0.005025,0.010050,
0.020000,2.000000,4.000000,0.010100,0.020199,
0.030000,2.000000,4.000000,0.015224,0.030448,
0.040000,2.000000,4.000000,0.020397,0.040793,
0.050000,2.000000,4.000000,0.025620,0.051241,
0.060000,2.000000,4.000000,0.030890,0.061780,
0.070000,2.000000,4.000000,0.036208,0.072416,
0.080000,2.000000,4.000000,0.041575,0.083149,
0.090000,2.000000,4.000000,0.046988,0.093975,
0.100000,2.000000,4.000000,0.052448,0.104896,
0.110000,2.000000,4.000000,0.057954,0.115908,
0.120000,2.000000,4.000000,0.063506,0.127012,
0.130000,2.000000,4.000000,0.069103,0.138206,
0.140000,2.000000,4.000000,0.074745,0.149489,
0.150000,2.000000,4.000000,0.080430,0.160860,
0.160000,2.000000,4.000000,0.086159,0.172318,
0.170000,2.000000,4.000000,0.091930,0.183861,
0.180000,2.000000,4.000000,0.097744,0.195488,
0.190000,2.000000,4.000000,0.103598,0.207197,
0.200000,2.000000,4.000000,0.109494,0.218987,
0.210000,2.000000,4.000000,0.115428,0.230857,
0.220000,2.000000,4.000000,0.121402,0.242805,
0.230000,2.000000,4.000000,0.127414,0.254828,
0.240000,2.000000,4.000000,0.133463,0.266927,
0.250000,2.000000,4.000000,0.139549,0.279097,
0.260000,2.000000,4.000000,0.145670,0.291340,
0.270000,2.000000,4.000000,0.151825,0.303650,
0.280000,2.000000,4.000000,0.158015,0.316029,
0.290000,2.000000,4.000000,0.164236,0.328472,
0.300000,2.000000,4.000000,0.170490,0.340979,
0.310000,2.000000,4.000000,0.176773,0.353547,
0.320000,2.000000,4.000000,0.183087,0.366175,
0.330000,2.000000,4.000000,0.189429,0.378859,
0.340000,2.000000,4.000000,0.195799,0.391598,
0.350000,2.000000,4.000000,0.202195,0.404390,
0.360000,2.000000,4.000000,0.208616,0.417233,
0.370000,2.000000,4.000000,0.215061,0.430122,
0.380000,2.000000,4.000000,0.221530,0.443059,
0.390000,2.000000,4.000000,0.228019,0.456038,
0.400000,2.000000,4.000000,0.234530,0.469060,
0.410000,2.000000,4.000000,0.241059,0.482118,
0.420000,2.000000,4.000000,0.247607,0.495215,
0.430000,2.000000,4.000000,0.254172,0.508343,
0.440000,2.000000,4.000000,0.260752,0.521505,
0.450000,2.000000,4.000000,0.267347,0.534693,
0.460000,2.000000,4.000000,0.273955,0.547909,
0.470000,2.000000,4.000000,0.280574,0.561148,
0.480000,2.000000,4.000000,0.287204,0.574408,
0.490000,2.000000,4.000000,0.293843,0.587686,
0.500000,2.000000,4.000000,0.300490,0.600980,
0.510000,2.000000,4.000000,0.307143,0.614287,
0.520000,2.000000,4.000000,0.313803,0.627605,
0.530000,2.000000,4.000000,0.320465,0.640930,
0.540000,2.000000,4.000000,0.327131,0.654261,
0.550000,2.000000,4.000000,0.333797,0.667593,
0.560000,2.000000,4.000000,0.340463,0.680927,
0.570000,2.000000,4.000000,0.347128,0.694256,
0.580000,2.000000,4.000000,0.353791,0.707581,
0.590000,2.000000,4.000000,0.360448,0.720897,
0.600000,2.000000,4.000000,0.367102,0.734203,
0.610000,2.000000,4.000000,0.373747,0.747494,
0.620000,2.000000,4.000000,0.380385,0.760771,
0.630000,2.000000,4.000000,0.387014,0.774027,
0.640000,2.000000,4.000000,0.393632,0.787264,
0.650000,2.000000,4.000000,0.400238,0.800475,
0.660000,2.000000,4.000000,0.406831,0.813661,
0.670000,2.000000,4.000000,0.413408,0.826817,
0.680000,2.000000,4.000000,0.419971,0.839942,
0.690000,2.000000,4.000000,0.426516,0.853032,
0.700000,2.000000,4.000000,0.433044,0.866087,
0.710000,2.000000,4.000000,0.439551,0.879102,
0.720000,2.000000,4.000000,0.446038,0.892076,
0.730000,2.000000,4.000000,0.452503,0.905006,
0.740000,2.000000,4.000000,0.458945,0.917890,
0.750000,2.000000,4.000000,0.465362,0.930725,
0.760000,2.000000,4.000000,0.471755,0.943510,
0.770000,2.000000,4.000000,0.478121,0.956241,
0.780000,2.000000,4.000000,0.484459,0.968918,
0.790000,2.000000,4.000000,0.490769,0.981537,
0.800000,2.000000,4.000000,0.497049,0.994097,
0.810000,2.000000,4.000000,0.503297,1.006595,
0.820000,2.000000,4.000000,0.509515,1.019030,
0.830000,2.000000,4.000000,0.515699,1.031399,
0.840000,2.000000,4.000000,0.521850,1.043701,
0.850000,2.000000,4.000000,0.527966,1.055932,
0.860000,2.000000,4.000000,0.534047,1.068094,
0.870000,2.000000,4.000000,0.540091,1.080181,
0.880000,2.000000,4.000000,0.546098,1.092195,
0.890000,2.000000,4.000000,0.552066,1.104131,
0.900000,2.000000,4.000000,0.557995,1.115991,
0.910000,2.000000,4.000000,0.563885,1.127769,
0.920000,2.000000,4.000000,0.569734,1.139468,
0.930000,2.000000,4.000000,0.575541,1.151082,
0.940000,2.000000,4.000000,0.581307,1.162614,
0.950000,2.000000,4.000000,0.587030,1.174059,
0.960000,2.000000,4.000000,0.592709,1.185419,
0.970000,2.000000,4.000000,0.598345,1.196689,
0.980000,2.000000,4.000000,0.603936,1.207871,
0.990000,2.000000,4.000000,0.609481,1.218962,
1.000000,2.000000,4.000000,0.614981,1.229962,
1.010000,2.000000,4.000000,0.620434,1.240869,
1.020000,2.000000,4.000000,0.625841,1.251683,
1.030000,2.000000,4.000000,0.631201,1.262401,
1.040000,2.000000,4.000000,0.636513,1.273026,
1.050000,2.000000,4.000000,0.641776,1.283553,
1.060000,2.000000,4.000000,0.646992,1.293984,
1.070000,2.000000,4.000000,0.652158,1.304316,
1.080000,2.000000,4.000000,0.657276,1.314552,
1.090000,2.000000,4.000000,0.662343,1.324687,
1.100000,2.000000,4.000000,0.667362,1.334723,
1.110000,2.000000,4.000000,0.672329,1.344659,
1.120000,2.000000,4.000000,0.677247,1.354495,
1.130000,2.000000,4.000000,0.682114,1.364229,
1.140000,2.000000,4.000000,0.686931,1.373862,
1.150000,2.000000,4.000000,0.691697,1.383393,
1.160000,2.000000,4.000000,0.696412,1.392824,
1.170000,2.000000,4.000000,0.701075,1.402151,
1.180000,2.000000,4.000000,0.705688,1.411376,
1.190000,2.000000,4.000000,0.710249,1.420498,
1.200000,2.000000,4.000000,0.714759,1.429519,
1.210000,2.000000,4.000000,0.719218,1.438436,
1.220000,2.000000,4.000000,0.723626,1.447251,
1.230000,2.000000,4.000000,0.727982,1.455963,
1.240000,2.000000,4.000000,0.732287,1.464573,
1.250000,2.000000,4.000000,0.736540,1.473080,
1.260000,2.000000,4.000000,0.740743,1.481485,
1.270000,2.000000,4.000000,0.744894,1.489788,
1.280000,2.000000,4.000000,0.748995,1.497989,
1.290000,2.000000,4.000000,0.753044,1.506088,
1.300000,2.000000,4.000000,0.757043,1.514087,
1.310000,2.000000,4.000000,0.760992,1.521983,
1.320000,2.000000,4.000000,0.764890,1.529780,
1.330000,2.000000,4.000000,0.768738,1.537476,
1.340000,2.000000,4.000000,0.772536,1.545072,
1.350000,2.000000,4.000000,0.776284,1.552569,
1.360000,2.000000,4.000000,0.779983,1.559967,
1.370000,2.000000,4.000000,0.783633,1.567266,
1.380000,2.000000,4.000000,0.787234,1.574467,
1.390000,2.000000,4.000000,0.790785,1.581571,
1.400000,2.000000,4.000000,0.794289,1.588578,
1.410000,2.000000,4.000000,0.797745,1.595489,
1.420000,2.000000,4.000000,0.801152,1.602305,
1.430000,2.000000,4.000000,0.804512,1.609025,
1.440000,2.000000,4.000000,0.807826,1.615651,
1.450000,2.000000,4.000000,0.811092,1.622183,
1.460000,2.000000,4.000000,0.814311,1.628623,
1.470000,2.000000,4.000000,0.817485,1.634970,
1.480000,2.000000,4.000000,0.820613,1.641226,
1.490000,2.000000,4.000000,0.823695,1.647390,
1.500000,2.000000,4.000000,0.826733,1.653465,
1.510000,2.000000,4.000000,0.829725,1.659451,
1.520000,2.000000,4.000000,0.832674,1.665348,
1.530000,2.000000,4.000000,0.835579,1.671157,
1.540000,2.000000,4.000000,0.838440,1.676880,
1.550000,2.000000,4.000000,0.841258,1.682516,
1.560000,2.000000,4.000000,0.844034,1.688068,
1.570000,2.000000,4.000000,0.846767,1.693534,
1.580000,2.000000,4.000000,0.849459,1.698918,
1.590000,2.000000,4.000000,0.852109,1.704218,
1.600000,2.000000,4.000000,0.854718,1.709437,
1.610000,2.000000,4.000000,0.857287,1.714574,
1.620000,2.000000,4.000000,0.859816,1.719632,
1.630000,2.000000,4.000000,0.862305,1.724610,
1.640000,2.000000,4.000000,0.864755,1.729511,
1.650000,2.000000,4.000000,0.867166,1.734333,
1.660000,2.000000,4.000000,0.869539,1.739079,
1.670000,2.000000,4.000000,0.871874,1.743749,
1.680000,2.000000,4.000000,0.874172,1.748344,
1.690000,2.000000,4.000000,0.876433,1.752865,
1.700000,2.000000,4.000000,0.878657,1.757314,
1.710000,2.000000,4.000000,0.880845,1.761690,
1.720000,2.000000,4.000000,0.882997,1.765995,
1.730000,2.000000,4.000000,0.885114,1.770229,
1.740000,2.000000,4.000000,0.887197,1.774394,
1.750000,2.000000,4.000000,0.889245,1.778490,
1.760000,2.000000,4.000000,0.891259,1.782519,
1.770000,2.000000,4.000000,0.893240,1.786480,
1.780000,2.000000,4.000000,0.895188,1.790376,
1.790000,2.000000,4.000000,0.897103,1.794206,
1.800000,2.000000,4.000000,0.898986,1.797973,
1.810000,2.000000,4.000000,0.900838,1.801675,
1.820000,2.000000,4.000000,0.902658,1.805316,
1.830000,2.000000,4.000000,0.904447,1.808895,
1.840000,2.000000,4.000000,0.906206,1.812413,
1.850000,2.000000,4.000000,0.907935,1.815871,
1.860000,2.000000,4.000000,0.909635,1.819270,
1.870000,2.000000,4.000000,0.911305,1.822610,
1.880000,2.000000,4.000000,0.912947,1.825893,
1.890000,2.000000,4.000000,0.914560,1.829120,
1.900000,2.000000,4.000000,0.916145,1.832291,
1.910000,2.000000,4.000000,0.917703,1.835407,
1.920000,2.000000,4.000000,0.919234,1.838469,
1.930000,2.000000,4.000000,0.920738,1.841477,
1.940000,2.000000,4.000000,0.922216,1.844433,
1.950000,2.000000,4.000000,0.923668,1.847337,
1.960000,2.000000,4.000000,0.925095,1.850190,
1.970000,2.000000,4.000000,0.926496,1.852993,
1.980000,2.000000,4.000000,0.927873,1.855746,
1.990000,2.000000,4.000000,0.929226,1.858451,
2.000000,2.000000,4.000000,0.930554,1.861108,
2.010000,2.000000,4.000000,0.931859,1.863718,
2.020000,2.000000,4.000000,0.933141,1.866281,
2.030000,2.000000,4.000000,0.934399,1.868799,
2.040000,2.000000,4.000000,0.935636,1.871271,
2.050000,2.000000,4.000000,0.936850,1.873699,
2.060000,2.000000,4.000000,0.938042,1.876084,
2.070000,2.000000,4.000000,0.939213,1.878426,
2.080000,2.000000,4.000000,0.940363,1.880726,
2.090000,2.000000,4.000000,0.941492,1.882984,
2.100000,2.000000,4.000000,0.942601,1.885201,
2.110000,2.000000,4.000000,0.943689,1.887378,
2.120000,2.000000,4.000000,0.944758,1.889516,
2.130000,2.000000,4.000000,0.945807,1.891615,
2.140000,2.000000,4.000000,0.946838,1.893675,
2.150000,2.000000,4.000000,0.947849,1.895698,
2.160000,2.000000,4.000000,0.948842,1.897685,
2.170000,2.000000,4.000000,0.949817,1.899634,
2.180000,2.000000,4.000000,0.950774,1.901548,
2.190000,2.000000,4.000000,0.951714,1.903427,
2.200000,2.000000,4.000000,0.952636,1.905271,
2.210000,2.000000,4.000000,0.953541,1.907082,
2.220000,2.000000,4.000000,0.954429,1.908859,
2.230000,2.000000,4.000000,0.955302,1.910603,
2.240000,2.000000,4.000000,0.956158,1.912315,
2.250000,2.000000,4.000000,0.956998,1.913995,
2.260000,2.000000,4.000000,0.957822,1.915645,
2.270000,2.000000,4.000000,0.958631,1.917263,
2.280000,2.000000,4.000000,0.959426,1.918852,
2.290000,2.000000,4.000000,0.960205,1.920410,
2.300000,2.000000,4.000000,0.960970,1.921940,
2.310000,2.000000,4.000000,0.961721,1.923441,
2.320000,2.000000,4.000000,0.962457,1.924915,
2.330000,2.000000,4.000000,0.963180,1.926361,
2.340000,2.000000,4.000000,0.963890,1.927779,
2.350000,2.000000,4.000000,0.964586,1.929171,
2.360000,2.000000,4.000000,0.965269,1.930537,
2.370000,2.000000,4.000000,0.965939,1.931878,
2.380000,2.000000,4.000000,0.966596,1.933193,
2.390000,2.000000,4.000000,0.967242,1.934483,
2.400000,2.000000,4.000000,0.967875,1.935749,
2.410000,2.000000,4.000000,0.968496,1.936991,
2.420000,2.000000,4.000000,0.969105,1.938210,
2.430000,2.000000,4.000000,0.969703,1.939406,
2.440000,2.000000,4.000000,0.970289,1.940579,
2.450000,2.000000,4.000000,0.970865,1.941730,
2.460000,2.000000,4.000000,0.971429,1.942859,
2.470000,2.000000,4.000000,0.971983,1.943967,
2.480000,2.000000,4.000000,0.972527,1.945053,
2.490000,2.000000,4.000000,0.973060,1.946119,
2.500000,2.000000,4.000000,0.973583,1.947165,
2.510000,2.000000,4.000000,0.974095,1.948191,
2.520000,2.000000,4.000000,0.974599,1.949197,
2.530000,2.000000,4.000000,0.975092,1.950185,
2.540000,2.000000,4.000000,0.975576,1.951153,
2.550000,2.000000,4.000000,0.976051,1.952103,
2.560000,2.000000,4.000000,0.976517,1.953034,
2.570000,2.000000,4.000000,0.976974,1.953948,
2.580000,2.000000,4.000000,0.977422,1.954845,
2.590000,2.000000,4.000000,0.977862,1.955724,
2.600000,2.000000,4.000000,0.978293,1.956587,
2.610000,2.000000,4.000000,0.978716,1.957432,
2.620000,2.000000,4.000000,0.979131,1.958262,
2.630000,2.000000,4.000000,0.979538,1.959076,
2.640000,2.000000,4.000000,0.979937,1.959874,
2.650000,2.000000,4.000000,0.980328,1.960657,
2.660000,2.000000,4.000000,0.980712,1.961425,
2.670000,2.000000,4.000000,0.981089,1.962178,
2.680000,2.000000,4.000000,0.981458,1.962916,
2.690000,2.000000,4.000000,0.981820,1.963641,
2.700000,2.000000,4.000000,0.982175,1.964351,
2.710000,2.000000,4.000000,0.982524,1.965048,
2.720000,2.000000,4.000000,0.982865,1.965731,
2.730000,2.000000,4.000000,0.983200,1.966401,
2.740000,2.000000,4.000000,0.983529,1.967058,
2.750000,2.000000,4.000000,0.983851,1.967702,
2.760000,2.000000,4.000000,0.984167,1.968334,
2.770000,2.000000,4.000000,0.984477,1.968954,
2.780000,2.000000,4.000000,0.984781,1.969562,
2.790000,2.000000,4.000000,0.985079,1.970158,
2.800000,2.000000,4.000000,0.985371,1.970742,
2.810000,2.000000,4.000000,0.985658,1.971315,
2.820000,2.000000,4.000000,0.985939,1.971877,
2.830000,2.000000,4.000000,0.986214,1.972428,
2.840000,2.000000,4.000000,0.986484,1.972969,
2.850000,2.000000,4.000000,0.986749,1.973499,
2.860000,2.000000,4.000000,0.987009,1.974018,
2.870000,2.000000,4.000000,0.987264,1.974528,
2.880000,2.000000,4.000000,0.987514,1.975028,
2.890000,2.000000,4.000000,0.987759,1.975518,
2.900000,2.000000,4.000000,0.987999,1.975998,
2.910000,2.000000,4.000000,0.988235,1.976469,
2.920000,2.000000,4.000000,0.988465,1.976931,
2.930000,2.000000,4.000000,0.988692,1.977384,
2.940000,2.000000,4.000000,0.988914,1.977828,
2.950000,2.000000,4.000000,0.989132,1.978263,
2.960000,2.000000,4.000000,0.989345,1.978690,
2.970000,2.000000,4.000000,0.989555,1.979109,
2.980000,2.000000,4.000000,0.989760,1.979520,
2.990000,2.000000,4.000000,0.989961,1.979922,
3.000000,2.000000,4.000000,0.990158,1.980317,
3.010000,2.000000,4.000000,0.990352,1.980704,
3.020000,2.000000,4.000000,0.990542,1.981083,
3.030000,2.000000,4.000000,0.990727,1.981455,
3.040000,2.000000,4.000000,0.990910,1.981820,
3.050000,2.000000,4.000000,0.991089,1.982177,
3.060000,2.000000,4.000000,0.991264,1.982528,
3.070000,2.000000,4.000000,0.991436,1.982872,
3.080000,2.000000,4.000000,0.991604,1.983209,
3.090000,2.000000,4.000000,0.991770,1.983539,
3.100000,2.000000,4.000000,0.991932,1.983863,
3.110000,2.000000,4.000000,0.992090,1.984181,
3.120000,2.000000,4.000000,0.992246,1.984492,
3.130000,2.000000,4.000000,0.992399,1.984797,
3.140000,2.000000,4.000000,0.992548,1.985097,
3.150000,2.000000,4.000000,0.992695,1.985390,
3.160000,2.000000,4.000000,0.992839,1.985678,
3.170000,2.000000,4.000000,0.992980,1.985960,
3.180000,2.000000,4.000000,0.993118,1.986237,
3.190000,2.000000,4.000000,0.993254,1.986508,
3.200000,2.000000,4.000000,0.993387,1.986774,
3.210000,2.000000,4.000000,0.993517,1.987034,
3.220000,2.000000,4.000000,0.993645,1.987290,
3.230000,2.000000,4.000000,0.993770,1.987540,
3.240000,2.000000,4.000000,0.993893,1.987786,
3.250000,2.000000,4.000000,0.994013,1.988027,
3.260000,2.000000,4.000000,0.994131,1.988263,
3.270000,2.000000,4.000000,0.994247,1.988494,
3.280000,2.000000,4.000000,0.994361,1.988721,
3.290000,2.000000,4.000000,0.994472,1.988943,
3.300000,2.000000,4.000000,0.994581,1.989161,
3.310000,2.000000,4.000000,0.994688,1.989375,
3.320000,2.000000,4.000000,0.994792,1.989585,
3.330000,2.000000,4.000000,0.994895,1.989790,
3.340000,2.000000,4.000000,0.994996,1.989992,
3.350000,2.000000,4.000000,0.995095,1.990189,
3.360000,2.000000,4.000000,0.995191,1.990383,
3.370000,2.000000,4.000000,0.995286,1.990572,
3.380000,2.000000,4.000000,0.995379,1.990758,
3.390000,2.000000,4.000000,0.995470,1.990941,
3.400000,2.000000,4.000000,0.995560,1.991120,
3.410000,2.000000,4.000000,0.995647,1.991295,
3.420000,2.000000,4.000000,0.995733,1.991467,
3.430000,2.000000,4.000000,0.995818,1.991635,
3.440000,2.000000,4.000000,0.995900,1.991800,
3.450000,2.000000,4.000000,0.995981,1.991962,
3.460000,2.000000,4.000000,0.996060,1.992121,
3.470000,2.000000,4.000000,0.996138,1.992276,
3.480000,2.000000,4.000000,0.996214,1.992429,
3.490000,2.000000,4.000000,0.996289,1.992578,
3.500000,2.000000,4.000000,0.996362,1.992725,
3.510000,2.000000,4.000000,0.996434,1.992869,
3.520000,2.000000,4.000000,0.996505,1.993009,
3.530000,2.000000,4.000000,0.996574,1.993148,
3.540000,2.000000,4.000000,0.996641,1.993283,
3.550000,2.000000,4.000000,0.996708,1.993416,
3.560000,2.000000,4.000000,0.996773,1.993546,
3.570000,2.000000,4.000000,0.996837,1.993673,
3.580000,2.000000,4.000000,0.996899,1.993798,
3.590000,2.000000,4.000000,0.996960,1.993921,
3.600000,2.000000,4.000000,0.997020,1.994041,
3.610000,2.000000,4.000000,0.997079,1.994159,
3.620000,2.000000,4.000000,0.997137,1.994274,
3.630000,2.000000,4.000000,0.997194,1.994387,
3.640000,2.000000,4.000000,0.997249,1.994498,
3.650000,2.000000,4.000000,0.997303,1.994607,
3.660000,2.000000,4.000000,0.997357,1.994713,
3.670000,2.000000,4.000000,0.997409,1.994818,
3.680000,2.000000,4.000000,0.997460,1.994920,
3.690000,2.000000,4.000000,0.997510,1.995021,
3.700000,2.000000,4.000000,0.997560,1.995119,
3.710000,2.000000,4.000000,0.997608,1.995216,
3.720000,2.000000,4.000000,0.997655,1.995310,
3.730000,2.000000,4.000000,0.997701,1.995403,
3.740000,2.000000,4.000000,0.997747,1.995494,
3.750000,2.000000,4.000000,0.997791,1.995583,
3.760000,2.000000,4.000000,0.997835,1.995670,
3.770000,2.000000,4.000000,0.997878,1.995756,
3.780000,2.000000,4.000000,0.997920,1.995840,
3.790000,2.000000,4.000000,0.997961,1.995922,
3.800000,2.000000,4.000000,0.998001,1.996002,
3.810000,2.000000,4.000000,0.998041,1.996082,
3.820000,2.000000,4.000000,0.998079,1.996159,
3.830000,2.000000,4.000000,0.998117,1.996235,
3.840000,2.000000,4.000000,0.998155,1.996309,
3.850000,2.000000,4.000000,0.998191,1.996382,
3.860000,2.000000,4.000000,0.998227,1.996454,
3.870000,2.000000,4.000000,0.998262,1.996524,
3.880000,2.000000,4.000000,0.998296,1.996593,
3.890000,2.000000,4.000000,0.998330,1.996660,
3.900000,2.000000,4.000000,0.998363,1.996726,
3.910000,2.000000,4.000000,0.998395,1.996791,
3.920000,2.000000,4.000000,0.998427,1.996854,
3.930000,2.000000,4.000000,0.998458,1.996917,
3.940000,2.000000,4.000000,0.998489,1.996978,
3.950000,2.000000,4.000000,0.998519,1.997037,
3.960000,2.000000,4.000000,0.998548,1.997096,
3.970000,2.000000,4.000000,0.998577,1.997153,
3.980000,2.000000,4.000000,0.998605,1.997210,
3.990000,2.000000,4.000000,0.998632,1.997265,
4.000000,2.000000,4.000000,0.998660,1.997319,
4.010000,2.000000,4.000000,0.998686,1.997372,
4.020000,2.000000,4.000000,0.998712,1.997424,
4.030000,2.000000,4.000000,0.998738,1.997475,
4.040000,2.000000,4.000000,0.998762,1.997525,
4.050000,2.000000,4.000000,0.998787,1.997574,
4.060000,2.000000,4.000000,0.998811,1.997622,
4.070000,2.000000,4.000000,0.998834,1.997669,
4.080000,2.000000,4.000000,0.998858,1.997715,
4.090000,2.000000,4.000000,0.998880,1.997760,
4.100000,2.000000,4.000000,0.998902,1.997805,
4.110000,2.000000,4.000000,0.998924,1.997848,
4.120000,2.000000,4.000000,0.998945,1.997891,
4.130000,2.000000,4.000000,0.998966,1.997932,
4.140000,2.000000,4.000000,0.998987,1.997973,
4.150000,2.000000,4.000000,0.999007,1.998013,
4.160000,2.000000,4.000000,0.999026,1.998053,
4.170000,2.000000,4.000000,0.999046,1.998091,
4.180000,2.000000,4.000000,0.999065,1.998129,
4.190000,2.000000,4.000000,0.999083,1.998166,
4.200000,2.000000,4.000000,0.999101,1.998202,
4.210000,2.000000,4.000000,0.999119,1.998238,
4.220000,2.000000,4.000000,0.999136,1.998273,
4.230000,2.000000,4.000000,0.999153,1.998307,
4.240000,2.000000,4.000000,0.999170,1.998340,
4.250000,2.000000,4.000000,0.999187,1.998373,
4.260000,2.000000,4.000000,0.999203,1.998405,
4.270000,2.000000,4.000000,0.999219,1.998437,
4.280000,2.000000,4.000000,0.999234,1.998468,
4.290000,2.000000,4.000000,0.999249,1.998498,
4.300000,2.000000,4.000000,0.999264,1.998528,
4.310000,2.000000,4.000000,0.999279,1.998557,
4.320000,2.000000,4.000000,0.999293,1.998586,
4.330000,2.000000,4.000000,0.999307,1.998614,
4.340000,2.000000,4.000000,0.999321,1.998641,
4.350000,2.000000,4.000000,0.999334,1.998668,
4.360000,2.000000,4.000000,0.999347,1.998694,
4.370000,2.000000,4.000000,0.999360,1.998720,
4.380000,2.000000,4.000000,0.999373,1.998746,
4.390000,2.000000,4.000000,0.999385,1.998770,
4.400000,2.000000,4.000000,0.999397,1.998795,
4.410000,2.000000,4.000000,0.999409,1.998819,
4.420000,2.000000,4.000000,0.999421,1.998842,
4.430000,2.000000,4.000000,0.999432,1.998865,
4.440000,2.000000,4.000000,0.999444,1.998887,
4.450000,2.000000,4.000000,0.999455,1.998909,
4.460000,2.000000,4.000000,0.999465,1.998931,
4.470000,2.000000,4.000000,0.999476,1.998952,
4.480000,2.000000,4.000000,0.999486,1.998973,
4.490000,2.000000,4.000000,0.999497,1.998993,
4.500000,2.000000,4.000000,0.999507,1.999013,
4.510000,2.000000,4.000000,0.999516,1.999033,
4.520000,2.000000,4.000000,0.999526,1.999052,
4.530000,2.000000,4.000000,0.999535,1.999071,
4.540000,2.000000,4.000000,0.999544,1.999089,
4.550000,2.000000,4.000000,0.999553,1.999107,
4.560000,2.000000,4.000000,0.999562,1.999125,
4.570000,2.000000,4.000000,0.999571,1.999142,
4.580000,2.000000,4.000000,0.999579,1.999159,
4.590000,2.000000,4.000000,0.999588,1.999176,
4.600000,2.000000,4.000000,0.999596,1.999192,
4.610000,2.000000,4.000000,0.999604,1.999208,
4.620000,2.000000,4.000000,0.999612,1.999224,
4.630000,2.000000,4.000000,0.999619,1.999239,
4.640000,2.000000,4.000000,0.999627,1.999254,
4.650000,2.000000,4.000000,0.999634,1.999269,
4.660000,2.000000,4.000000,0.999642,1.999283,
4.670000,2.000000,4.000000,0.999649,1.999297,
4.680000,2.000000,4.000000,0.999656,1.999311,
4.690000,2.000000,4.000000,0.999663,1.999325,
4.700000,2.000000,4.000000,0.999669,1.999338,
4.710000,2.000000,4.000000,0.999676,1.999351,
4.720000,2.000000,4.000000,0.999682,1.999364,
4.730000,2.000000,4.000000,0.999688,1.999377,
4.740000,2.000000,4.000000,0.999695,1.999389,
4.750000,2.000000,4.000000,0.999701,1.999401,
4.760000,2.000000,4.000000,0.999707,1.999413,
4.770000,2.000000,4.000000,0.999712,1.999425,
4.780000,2.000000,4.000000,0.999718,1.999436,
4.790000,2.000000,4.000000,0.999724,1.999447,
4.800000,2.000000,4.000000,0.999729,1.999458,
4.810000,2.000000,4.000000,0.999735,1.999469,
4.820000,2.000000,4.000000,0.999740,1.999480,
4.830000,2.000000,4.000000,0.999745,1.999490,
4.840000,2.000000,4.000000,0.999750,1.999500,
4.850000,2.000000,4.000000,0.999755,1.999510,
4.860000,2.000000,4.000000,0.999760,1.999520,
4.870000,2.000000,4.000000,0.999765,1.999529,
4.880000,2.000000,4.000000,0.999769,1.999538,
4.890000,2.000000,4.000000,0.999774,1.999548,
4.900000,2.000000,4.000000,0.999778,1.999556,
4.910000,2.000000,4.000000,0.999783,1.999565,
4.920000,2.000000,4.000000,0.999787,1.999574,
4.930000,2.000000,4.000000,0.999791,1.999582,
4.940000,2.000000,4.000000,0.999795,1.999591,
4.950000,2.000000,4.000000,0.999799,1.999599,
4.960000,2.000000,4.000000,0.999803,1.999607,
4.970000,2.000000,4.000000,0.999807,1.999614,
4.980000,2.000000,4.000000,0.999811,1.999622,
4.990000,2.000000,4.000000,0.999815,1.999630,
5.000000,2.000000,4.000000,0.999818,1.999637,
5.010000,2.000000,4.000000,0.999822,1.999644,
5.020000,2.000000,4.000000,0.999826,1.999651,
5.030000,2.000000,4.000000,0.999829,1.999658,
5.040000,2.000000,4.000000,0.999832,1.999665,
5.050000,2.000000,4.000000,0.999836,1.999671,
5.060000,2.000000,4.000000,0.999839,1.999678,
5.070000,2.000000,4.000000,0.999842,1.999684,
5.080000,2.000000,4.000000,0.999845,1.999691,
5.090000,2.000000,4.000000,0.999848,1.999697,
5.100000,2.000000,4.000000,0.999851,1.999703,
5.110000,2.000000,4.000000,0.999854,1.999709,
5.120000,2.000000,4.000000,0.999857,1.999714,
5.130000,2.000000,4.000000,0.999860,1.999720,
5.140000,2.000000,4.000000,0.999863,1.999726,
5.150000,2.000000,4.000000,0.999865,1.999731,
5.160000,2.000000,4.000000,0.999868,1.999736,
5.170000,2.000000,4.000000,0.999871,1.999742,
5.180000,2.000000,4.000000,0.999873,1.999747,
5.190000,2.000000,4.000000,0.999876,1.999752,
5.200000,2.000000,4.000000,0.999878,1.999757,
5.210000,2.000000,4.000000,0.999881,1.999761,
5.220000,2.000000,4.000000,0.999883,1.999766,
5.230000,2.000000,4.000000,0.999885,1.999771,
5.240000,2.000000,4.000000,0.999888,1.999775,
5.250000,2.000000,4.000000,0.999890,1.999780,
5.260000,2.000000,4.000000,0.999892,1.999784,
5.270000,2.000000,4.000000,0.999894,1.999788,
5.280000,2.000000,4.000000,0.999896,1.999793,
5.290000,2.000000,4.000000,0.999898,1.999797,
5.300000,2.000000,4.000000,0.999900,1.999801,
5.310000,2.000000,4.000000,0.999902,1.999805,
5.320000,2.000000,4.000000,0.999904,1.999809,
5.330000,2.000000,4.000000,0.999906,1.999812,
5.340000,2.000000,4.000000,0.999908,1.999816,
5.350000,2.000000,4.000000,0.999910,1.999820,
5.360000,2.000000,4.000000,0.999912,1.999823,
5.370000,2.000000,4.000000,0.999913,1.999827,
5.380000,2.000000,4.000000,0.999915,1.999830,
5.390000,2.000000,4.000000,0.999917,1.999834,
5.400000,2.000000,4.000000,0.999918,1.999837,
5.410000,2.000000,4.000000,0.999920,1.999840,
5.420000,2.000000,4.000000,0.999922,1.999843,
5.430000,2.000000,4.000000,0.999923,1.999846,
5.440000,2.000000,4.000000,0.999925,1.999849,
5.450000,2.000000,4.000000,0.999926,1.999852,
5.460000,2.000000,4.000000,0.999928,1.999855,
5.470000,2.000000,4.000000,0.999929,1.999858,
5.480000,2.000000,4.000000,0.999930,1.999861,
5.490000,2.000000,4.000000,0.999932,1.999864,
5.500000,2.000000,4.000000,0.999933,1.999866,
5.510000,2.000000,4.000000,0.999935,1.999869,
5.520000,2.000000,4.000000,0.999936,1.999872,
5.530000,2.000000,4.000000,0.999937,1.999874,
5.540000,2.000000,4.000000,0.999938,1.999877,
5.550000,2.000000,4.000000,0.999940,1.999879,
5.560000,2.000000,4.000000,0.999941,1.999882,
5.570000,2.000000,4.000000,0.999942,1.999884,
5.580000,2.000000,4.000000,0.999943,1.999886,
5.590000,2.000000,4.000000,0.999944,1.999888,
5.600000,2.000000,4.000000,0.999945,1.999891,
5.610000,2.000000,4.000000,0.999946,1.999893,
5.620000,2.000000,4.000000,0.999947,1.999895,
5.630000,2.000000,4.000000,0.999948,1.999897,
5.640000,2.000000,4.000000,0.999950,1.999899,
5.650000,2.000000,4.000000,0.999951,1.999901,
5.660000,2.000000,4.000000,0.999951,1.999903,
5.670000,2.000000,4.000000,0.999952,1.999905,
5.680000,2.000000,4.000000,0.999953,1.999907,
5.690000,2.000000,4.000000,0.999954,1.999909,
5.700000,2.000000,4.000000,0.999955,1.999910,
5.710000,2.000000,4.000000,0.999956,1.999912,
5.720000,2.000000,4.000000,0.999957,1.999914,
5.730000,2.000000,4.000000,0.999958,1.999916,
5.740000,2.000000,4.000000,0.999959,1.999917,
5.750000,2.000000,4.000000,0.999959,1.999919,
5.760000,2.000000,4.000000,0.999960,1.999921,
5.770000,2.000000,4.000000,0.999961,1.999922,
5.780000,2.000000,4.000000,0.999962,1.999924,
5.790000,2.000000,4.000000,0.999963,1.999925,
5.800000,2.000000,4.000000,0.999963,1.999927,
5.810000,2.000000,4.000000,0.999964,1.999928,
5.820000,2.000000,4.000000,0.999965,1.999930,
5.830000,2.000000,4.000000,0.999965,1.999931,
5.840000,2.000000,4.000000,0.999966,1.999932,
5.850000,2.000000,4.000000,0.999967,1.999934,
5.860000,2.000000,4.000000,0.999967,1.999935,
5.870000,2.000000,4.000000,0.999968,1.999936,
5.880000,2.000000,4.000000,0.999969,1.999938,
5.890000,2.000000,4.000000,0.999969,1.999939,
5.900000,2.000000,4.000000,0.999970,1.999940,
5.910000,2.000000,4.000000,0.999971,1.999941,
5.920000,2.000000,4.000000,0.999971,1.999942,
5.930000,2.000000,4.000000,0.999972,1.999943,
5.940000,2.000000,4.000000,0.999972,1.999945,
5.950000,2.000000,4.000000,0.999973,1.999946,
5.960000,2.000000,4.000000,0.999973,1.999947,
5.970000,2.000000,4.000000,0.999974,1.999948,
5.980000,2.000000,4.000000,0.999974,1.999949,
5.990000,2.000000,4.000000,0.999975,1.999950,
6.000000,2.000000,4.000000,0.999975,1.999951,
