# KaDE -l 6 --count Occurrences kappa/ode_KO.ka --output kappa/ode_KO --output-plot ../data/ode_KO.data
# [T] A |A.x-x| |A.y-y| |A.x-y| total mono dimer 
0.000000 6.000000 0.000000 0.000000 0.000000 6.000000 6.000000 0.000000 
0.010000 5.090707 0.151815 0.151815 0.151017 5.545353 5.090707 0.454647 
0.020000 4.431137 0.262432 0.262432 0.259568 5.215568 4.431137 0.784432 
0.030000 3.933109 0.346431 0.346431 0.340584 4.966555 3.933109 1.033445 
0.040000 3.544175 0.412456 0.412456 0.403004 4.772087 3.544175 1.227913 
0.050000 3.237329 0.465015 0.465015 0.451304 4.618665 3.237329 1.381335 
0.060000 2.984686 0.508612 0.508612 0.490438 4.492343 2.984686 1.507657 
0.070000 2.777373 0.544811 0.544811 0.521687 4.388687 2.777373 1.611313 
0.080000 2.604123 0.575361 0.575361 0.547222 4.302062 2.604123 1.697938 
0.090000 2.458213 0.601455 0.601455 0.567978 4.229106 2.458213 1.770894 
0.100000 2.333647 0.624002 0.624002 0.585180 4.166824 2.333647 1.833176 
0.110000 2.226989 0.643629 0.643629 0.599243 4.113494 2.226989 1.886506 
0.120000 2.134638 0.660868 0.660868 0.610953 4.067319 2.134638 1.932681 
0.130000 2.054589 0.676098 0.676098 0.620504 4.027294 2.054589 1.972706 
0.140000 1.984538 0.689650 0.689650 0.628440 3.992269 1.984538 2.007731 
0.150000 1.923247 0.701767 0.701767 0.634837 3.961623 1.923247 2.038377 
0.160000 1.869171 0.712664 0.712664 0.640099 3.934585 1.869171 2.065415 
0.170000 1.821510 0.722504 0.722504 0.644229 3.910755 1.821510 2.089245 
0.180000 1.779187 0.731434 0.731434 0.647555 3.889594 1.779187 2.110406 
0.190000 1.741666 0.739567 0.739567 0.650024 3.870833 1.741666 2.129167 
0.200000 1.708175 0.747006 0.747006 0.651927 3.854087 1.708175 2.145913 
0.210000 1.678341 0.753832 0.753832 0.653167 3.839170 1.678341 2.160830 
0.220000 1.651597 0.760119 0.760119 0.654041 3.825798 1.651597 2.174202 
0.230000 1.627678 0.765927 0.765927 0.654173 3.813839 1.627678 2.186161 
0.240000 1.606160 0.771310 0.771310 0.654184 3.803080 1.606160 2.196920 
0.250000 1.586850 0.776313 0.776313 0.654038 3.793425 1.586850 2.206575 
0.260000 1.569424 0.780976 0.780976 0.653332 3.784712 1.569424 2.215288 
0.270000 1.553739 0.785336 0.785336 0.652484 3.776870 1.553739 2.223130 
0.280000 1.539547 0.789420 0.789420 0.651379 3.769773 1.539547 2.230227 
0.290000 1.526737 0.793258 0.793258 0.650129 3.763369 1.526737 2.236631 
0.300000 1.515119 0.796871 0.796871 0.648692 3.757559 1.515119 2.242441 
0.310000 1.504606 0.800283 0.800283 0.647140 3.752303 1.504606 2.247697 
0.320000 1.495048 0.803510 0.803510 0.645452 3.747524 1.495048 2.252476 
0.330000 1.486380 0.806570 0.806570 0.643677 3.743190 1.486380 2.256810 
0.340000 1.478482 0.809476 0.809476 0.641804 3.739241 1.478482 2.260759 
0.350000 1.471302 0.812243 0.812243 0.639867 3.735651 1.471302 2.264349 
0.360000 1.464746 0.814882 0.814882 0.637861 3.732373 1.464746 2.267627 
0.370000 1.458771 0.817404 0.817404 0.635810 3.729386 1.458771 2.270614 
0.380000 1.453305 0.819817 0.819817 0.633712 3.726652 1.453305 2.273348 
0.390000 1.448311 0.822131 0.822131 0.631584 3.724156 1.448311 2.275844 
0.400000 1.443732 0.824353 0.824353 0.629427 3.721866 1.443732 2.278134 
0.410000 1.439539 0.826490 0.826490 0.627253 3.719769 1.439539 2.280231 
0.420000 1.435684 0.828548 0.828548 0.625061 3.717842 1.435684 2.282158 
0.430000 1.432145 0.830533 0.830533 0.622863 3.716073 1.432145 2.283927 
0.440000 1.428885 0.832449 0.832449 0.620659 3.714442 1.428885 2.285558 
0.450000 1.425883 0.834302 0.834302 0.618455 3.712941 1.425883 2.287059 
0.460000 1.423110 0.836096 0.836096 0.616253 3.711555 1.423110 2.288445 
0.470000 1.420549 0.837834 0.837834 0.614058 3.710274 1.420549 2.289726 
0.480000 1.418177 0.839520 0.839520 0.611871 3.709089 1.418177 2.290911 
0.490000 1.415981 0.841157 0.841157 0.609697 3.707990 1.415981 2.292010 
0.500000 1.413941 0.842748 0.842748 0.607534 3.706970 1.413941 2.293030 
0.510000 1.412045 0.844295 0.844295 0.605388 3.706023 1.412045 2.293977 
0.520000 1.410279 0.845801 0.845801 0.603258 3.705140 1.410279 2.294860 
0.530000 1.408633 0.847269 0.847269 0.601147 3.704316 1.408633 2.295684 
0.540000 1.407094 0.848699 0.848699 0.599055 3.703547 1.407094 2.296453 
0.550000 1.405655 0.850094 0.850094 0.596984 3.702828 1.405655 2.297172 
0.560000 1.404306 0.851456 0.851456 0.594934 3.702153 1.404306 2.297847 
0.570000 1.403039 0.852786 0.852786 0.592908 3.701520 1.403039 2.298480 
0.580000 1.401848 0.854086 0.854086 0.590904 3.700924 1.401848 2.299076 
0.590000 1.400726 0.855357 0.855357 0.588924 3.700363 1.400726 2.299637 
0.600000 1.399667 0.856600 0.856600 0.586967 3.699833 1.399667 2.300167 
0.610000 1.398665 0.857816 0.857816 0.585036 3.699333 1.398665 2.300667 
0.620000 1.397717 0.859006 0.859006 0.583128 3.698859 1.397717 2.301141 
0.630000 1.396818 0.860172 0.860172 0.581247 3.698409 1.396818 2.301591 
0.640000 1.395964 0.861314 0.861314 0.579390 3.697982 1.395964 2.302018 
0.650000 1.395150 0.862433 0.862433 0.577558 3.697575 1.395150 2.302425 
0.660000 1.394375 0.863530 0.863530 0.575752 3.697188 1.394375 2.302812 
0.670000 1.393635 0.864606 0.864606 0.573971 3.696818 1.393635 2.303182 
0.680000 1.392927 0.865661 0.865661 0.572215 3.696464 1.392927 2.303536 
0.690000 1.392250 0.866695 0.866695 0.570485 3.696125 1.392250 2.303875 
0.700000 1.391600 0.867710 0.867710 0.568779 3.695800 1.391600 2.304200 
0.710000 1.390975 0.868707 0.868707 0.567099 3.695488 1.390975 2.304512 
0.720000 1.390375 0.869685 0.869685 0.565443 3.695187 1.390375 2.304813 
0.730000 1.389796 0.870645 0.870645 0.563813 3.694898 1.389796 2.305102 
0.740000 1.389239 0.871587 0.871587 0.562206 3.694619 1.389239 2.305381 
0.750000 1.388700 0.872513 0.872513 0.560624 3.694350 1.388700 2.305650 
0.760000 1.388180 0.873422 0.873422 0.559066 3.694090 1.388180 2.305910 
0.770000 1.387676 0.874315 0.874315 0.557532 3.693838 1.387676 2.306162 
0.780000 1.387189 0.875192 0.875192 0.556021 3.693594 1.387189 2.306406 
0.790000 1.386716 0.876054 0.876054 0.554534 3.693358 1.386716 2.306642 
0.800000 1.386257 0.876901 0.876901 0.553069 3.693128 1.386257 2.306872 
0.810000 1.385811 0.877733 0.877733 0.551628 3.692905 1.385811 2.307095 
0.820000 1.385377 0.878551 0.878551 0.550209 3.692688 1.385377 2.307312 
0.830000 1.384955 0.879355 0.879355 0.548812 3.692478 1.384955 2.307522 
0.840000 1.384544 0.880145 0.880145 0.547437 3.692272 1.384544 2.307728 
0.850000 1.384144 0.880922 0.880922 0.546084 3.692072 1.384144 2.307928 
0.860000 1.383753 0.881685 0.881685 0.544752 3.691877 1.383753 2.308123 
0.870000 1.383372 0.882436 0.882436 0.543442 3.691686 1.383372 2.308314 
0.880000 1.383000 0.883174 0.883174 0.542152 3.691500 1.383000 2.308500 
0.890000 1.382637 0.883900 0.883900 0.540883 3.691318 1.382637 2.308682 
0.900000 1.382282 0.884613 0.884613 0.539633 3.691141 1.382282 2.308859 
0.910000 1.381934 0.885314 0.885314 0.538404 3.690967 1.381934 2.309033 
0.920000 1.381594 0.886004 0.886004 0.537195 3.690797 1.381594 2.309203 
0.930000 1.381262 0.886682 0.886682 0.536004 3.690631 1.381262 2.309369 
0.940000 1.380936 0.887349 0.887349 0.534833 3.690468 1.380936 2.309532 
0.950000 1.380617 0.888005 0.888005 0.533681 3.690309 1.380617 2.309691 
0.960000 1.380305 0.888650 0.888650 0.532547 3.690152 1.380305 2.309848 
0.970000 1.379998 0.889285 0.889285 0.531431 3.689999 1.379998 2.310001 
0.980000 1.379698 0.889909 0.889909 0.530333 3.689849 1.379698 2.310151 
0.990000 1.379404 0.890522 0.890522 0.529253 3.689702 1.379404 2.310298 
1.000000 1.379115 0.891126 0.891126 0.528191 3.689557 1.379115 2.310443 
1.010000 1.378832 0.891719 0.891719 0.527145 3.689416 1.378832 2.310584 
1.020000 1.378553 0.892303 0.892303 0.526117 3.689277 1.378553 2.310723 
1.030000 1.378281 0.892878 0.892878 0.525105 3.689140 1.378281 2.310860 
1.040000 1.378013 0.893442 0.893442 0.524109 3.689006 1.378013 2.310994 
1.050000 1.377749 0.893998 0.893998 0.523129 3.688875 1.377749 2.311125 
1.060000 1.377491 0.894544 0.894544 0.522166 3.688746 1.377491 2.311254 
1.070000 1.377237 0.895082 0.895082 0.521217 3.688619 1.377237 2.311381 
1.080000 1.376988 0.895611 0.895611 0.520285 3.688494 1.376988 2.311506 
1.090000 1.376743 0.896131 0.896131 0.519367 3.688372 1.376743 2.311628 
1.100000 1.376503 0.896642 0.896642 0.518464 3.688251 1.376503 2.311749 
1.110000 1.376266 0.897146 0.897146 0.517576 3.688133 1.376266 2.311867 
1.120000 1.376034 0.897641 0.897641 0.516702 3.688017 1.376034 2.311983 
1.130000 1.375805 0.898127 0.898127 0.515842 3.687903 1.375805 2.312097 
1.140000 1.375581 0.898606 0.898606 0.514997 3.687790 1.375581 2.312210 
1.150000 1.375360 0.899078 0.899078 0.514165 3.687680 1.375360 2.312320 
1.160000 1.375143 0.899541 0.899541 0.513346 3.687572 1.375143 2.312428 
1.170000 1.374930 0.899997 0.899997 0.512541 3.687465 1.374930 2.312535 
1.180000 1.374720 0.900446 0.900446 0.511749 3.687360 1.374720 2.312640 
1.190000 1.374514 0.900887 0.900887 0.510970 3.687257 1.374514 2.312743 
1.200000 1.374311 0.901321 0.901321 0.510203 3.687156 1.374311 2.312844 
1.210000 1.374112 0.901748 0.901748 0.509449 3.687056 1.374112 2.312944 
1.220000 1.373916 0.902168 0.902168 0.508707 3.686958 1.373916 2.313042 
1.230000 1.373723 0.902581 0.902581 0.507977 3.686862 1.373723 2.313138 
1.240000 1.373534 0.902987 0.902987 0.507259 3.686767 1.373534 2.313233 
1.250000 1.373347 0.903387 0.903387 0.506552 3.686674 1.373347 2.313326 
1.260000 1.373164 0.903780 0.903780 0.505857 3.686582 1.373164 2.313418 
1.270000 1.372984 0.904167 0.904167 0.505174 3.686492 1.372984 2.313508 
1.280000 1.372806 0.904548 0.904548 0.504501 3.686403 1.372806 2.313597 
1.290000 1.372632 0.904922 0.904922 0.503840 3.686316 1.372632 2.313684 
1.300000 1.372460 0.905291 0.905291 0.503189 3.686230 1.372460 2.313770 
1.310000 1.372291 0.905653 0.905653 0.502548 3.686146 1.372291 2.313854 
1.320000 1.372125 0.906009 0.906009 0.501919 3.686063 1.372125 2.313937 
1.330000 1.371962 0.906360 0.906360 0.501299 3.685981 1.371962 2.314019 
1.340000 1.371801 0.906705 0.906705 0.500689 3.685901 1.371801 2.314099 
1.350000 1.371643 0.907044 0.907044 0.500090 3.685822 1.371643 2.314178 
1.360000 1.371488 0.907378 0.907378 0.499500 3.685744 1.371488 2.314256 
1.370000 1.371335 0.907707 0.907707 0.498919 3.685667 1.371335 2.314333 
1.380000 1.371184 0.908030 0.908030 0.498349 3.685592 1.371184 2.314408 
1.390000 1.371036 0.908348 0.908348 0.497787 3.685518 1.371036 2.314482 
1.400000 1.370890 0.908660 0.908660 0.497234 3.685445 1.370890 2.314555 
1.410000 1.370747 0.908968 0.908968 0.496691 3.685374 1.370747 2.314626 
1.420000 1.370606 0.909270 0.909270 0.496156 3.685303 1.370606 2.314697 
1.430000 1.370468 0.909568 0.909568 0.495630 3.685234 1.370468 2.314766 
1.440000 1.370331 0.909861 0.909861 0.495113 3.685166 1.370331 2.314834 
1.450000 1.370197 0.910149 0.910149 0.494604 3.685099 1.370197 2.314901 
1.460000 1.370065 0.910432 0.910432 0.494103 3.685033 1.370065 2.314967 
1.470000 1.369935 0.910711 0.910711 0.493610 3.684968 1.369935 2.315032 
1.480000 1.369807 0.910985 0.910985 0.493126 3.684904 1.369807 2.315096 
1.490000 1.369682 0.911255 0.911255 0.492649 3.684841 1.369682 2.315159 
1.500000 1.369558 0.911520 0.911520 0.492180 3.684779 1.369558 2.315221 
1.510000 1.369436 0.911782 0.911782 0.491719 3.684718 1.369436 2.315282 
1.520000 1.369317 0.912038 0.912038 0.491265 3.684658 1.369317 2.315342 
1.530000 1.369199 0.912291 0.912291 0.490818 3.684599 1.369199 2.315401 
1.540000 1.369083 0.912540 0.912540 0.490379 3.684542 1.369083 2.315458 
1.550000 1.368969 0.912784 0.912784 0.489947 3.684485 1.368969 2.315515 
1.560000 1.368857 0.913025 0.913025 0.489522 3.684428 1.368857 2.315572 
1.570000 1.368747 0.913261 0.913261 0.489104 3.684373 1.368747 2.315627 
1.580000 1.368638 0.913494 0.913494 0.488692 3.684319 1.368638 2.315681 
1.590000 1.368531 0.913723 0.913723 0.488288 3.684266 1.368531 2.315734 
1.600000 1.368426 0.913949 0.913949 0.487890 3.684213 1.368426 2.315787 
1.610000 1.368323 0.914170 0.914170 0.487498 3.684161 1.368323 2.315839 
1.620000 1.368221 0.914388 0.914388 0.487113 3.684111 1.368221 2.315889 
1.630000 1.368121 0.914603 0.914603 0.486734 3.684061 1.368121 2.315939 
1.640000 1.368023 0.914814 0.914814 0.486361 3.684011 1.368023 2.315989 
1.650000 1.367926 0.915021 0.915021 0.485994 3.683963 1.367926 2.316037 
1.660000 1.367831 0.915226 0.915226 0.485633 3.683915 1.367831 2.316085 
1.670000 1.367737 0.915427 0.915427 0.485278 3.683869 1.367737 2.316131 
1.680000 1.367645 0.915624 0.915624 0.484929 3.683822 1.367645 2.316178 
1.690000 1.367554 0.915819 0.915819 0.484586 3.683777 1.367554 2.316223 
1.700000 1.367465 0.916010 0.916010 0.484248 3.683732 1.367465 2.316268 
1.710000 1.367377 0.916198 0.916198 0.483915 3.683689 1.367377 2.316311 
1.720000 1.367291 0.916383 0.916383 0.483588 3.683645 1.367291 2.316355 
1.730000 1.367206 0.916565 0.916565 0.483267 3.683603 1.367206 2.316397 
1.740000 1.367122 0.916744 0.916744 0.482950 3.683561 1.367122 2.316439 
1.750000 1.367040 0.916921 0.916921 0.482639 3.683520 1.367040 2.316480 
1.760000 1.366959 0.917094 0.917094 0.482333 3.683480 1.366959 2.316520 
1.770000 1.366879 0.917264 0.917264 0.482031 3.683440 1.366879 2.316560 
1.780000 1.366801 0.917432 0.917432 0.481735 3.683401 1.366801 2.316599 
1.790000 1.366724 0.917597 0.917597 0.481443 3.683362 1.366724 2.316638 
1.800000 1.366648 0.917760 0.917760 0.481156 3.683324 1.366648 2.316676 
1.810000 1.366574 0.917919 0.917919 0.480874 3.683287 1.366574 2.316713 
1.820000 1.366500 0.918077 0.918077 0.480597 3.683250 1.366500 2.316750 
1.830000 1.366428 0.918231 0.918231 0.480324 3.683214 1.366428 2.316786 
1.840000 1.366357 0.918383 0.918383 0.480055 3.683179 1.366357 2.316821 
1.850000 1.366287 0.918533 0.918533 0.479791 3.683144 1.366287 2.316856 
1.860000 1.366219 0.918680 0.918680 0.479531 3.683109 1.366219 2.316891 
1.870000 1.366151 0.918825 0.918825 0.479275 3.683076 1.366151 2.316924 
1.880000 1.366084 0.918967 0.918967 0.479023 3.683042 1.366084 2.316958 
1.890000 1.366019 0.919107 0.919107 0.478776 3.683010 1.366019 2.316990 
1.900000 1.365955 0.919245 0.919245 0.478532 3.682977 1.365955 2.317023 
1.910000 1.365891 0.919381 0.919381 0.478293 3.682946 1.365891 2.317054 
1.920000 1.365829 0.919514 0.919514 0.478057 3.682914 1.365829 2.317086 
1.930000 1.365768 0.919645 0.919645 0.477826 3.682884 1.365768 2.317116 
1.940000 1.365707 0.919774 0.919774 0.477597 3.682854 1.365707 2.317146 
1.950000 1.365648 0.919901 0.919901 0.477373 3.682824 1.365648 2.317176 
1.960000 1.365590 0.920026 0.920026 0.477152 3.682795 1.365590 2.317205 
1.970000 1.365532 0.920149 0.920149 0.476935 3.682766 1.365532 2.317234 
1.980000 1.365476 0.920270 0.920270 0.476722 3.682738 1.365476 2.317262 
1.990000 1.365420 0.920389 0.920389 0.476512 3.682710 1.365420 2.317290 
2.000000 1.365365 0.920506 0.920506 0.476305 3.682683 1.365365 2.317317 
2.010000 1.365312 0.920621 0.920621 0.476102 3.682656 1.365312 2.317344 
2.020000 1.365259 0.920734 0.920734 0.475902 3.682629 1.365259 2.317371 
2.030000 1.365207 0.920846 0.920846 0.475705 3.682603 1.365207 2.317397 
2.040000 1.365155 0.920955 0.920955 0.475511 3.682578 1.365155 2.317422 
2.050000 1.365105 0.921063 0.921063 0.475321 3.682553 1.365105 2.317447 
2.060000 1.365055 0.921169 0.921169 0.475134 3.682528 1.365055 2.317472 
2.070000 1.365007 0.921274 0.921274 0.474949 3.682503 1.365007 2.317497 
2.080000 1.364959 0.921376 0.921376 0.474768 3.682479 1.364959 2.317521 
2.090000 1.364912 0.921477 0.921477 0.474590 3.682456 1.364912 2.317544 
2.100000 1.364865 0.921577 0.921577 0.474414 3.682433 1.364865 2.317567 
2.110000 1.364819 0.921674 0.921674 0.474242 3.682410 1.364819 2.317590 
2.120000 1.364774 0.921770 0.921770 0.474072 3.682387 1.364774 2.317613 
2.130000 1.364730 0.921865 0.921865 0.473905 3.682365 1.364730 2.317635 
2.140000 1.364687 0.921958 0.921958 0.473741 3.682343 1.364687 2.317657 
2.150000 1.364644 0.922050 0.922050 0.473579 3.682322 1.364644 2.317678 
2.160000 1.364602 0.922140 0.922140 0.473420 3.682301 1.364602 2.317699 
2.170000 1.364560 0.922228 0.922228 0.473264 3.682280 1.364560 2.317720 
2.180000 1.364520 0.922315 0.922315 0.473110 3.682260 1.364520 2.317740 
2.190000 1.364480 0.922401 0.922401 0.472958 3.682240 1.364480 2.317760 
2.200000 1.364440 0.922485 0.922485 0.472809 3.682220 1.364440 2.317780 
2.210000 1.364401 0.922568 0.922568 0.472663 3.682201 1.364401 2.317799 
2.220000 1.364363 0.922650 0.922650 0.472519 3.682182 1.364363 2.317818 
2.230000 1.364326 0.922730 0.922730 0.472377 3.682163 1.364326 2.317837 
2.240000 1.364289 0.922809 0.922809 0.472238 3.682144 1.364289 2.317856 
2.250000 1.364252 0.922887 0.922887 0.472100 3.682126 1.364252 2.317874 
2.260000 1.364217 0.922963 0.922963 0.471965 3.682108 1.364217 2.317892 
2.270000 1.364181 0.923038 0.923038 0.471833 3.682091 1.364181 2.317909 
2.280000 1.364147 0.923112 0.923112 0.471702 3.682073 1.364147 2.317927 
2.290000 1.364113 0.923185 0.923185 0.471573 3.682056 1.364113 2.317944 
2.300000 1.364079 0.923257 0.923257 0.471447 3.682040 1.364079 2.317960 
2.310000 1.364046 0.923327 0.923327 0.471323 3.682023 1.364046 2.317977 
2.320000 1.364014 0.923396 0.923396 0.471200 3.682007 1.364014 2.317993 
2.330000 1.363982 0.923465 0.923465 0.471080 3.681991 1.363982 2.318009 
2.340000 1.363951 0.923532 0.923532 0.470962 3.681975 1.363951 2.318025 
2.350000 1.363920 0.923597 0.923597 0.470845 3.681960 1.363920 2.318040 
2.360000 1.363889 0.923662 0.923662 0.470731 3.681945 1.363889 2.318055 
2.370000 1.363860 0.923726 0.923726 0.470618 3.681930 1.363860 2.318070 
2.380000 1.363830 0.923789 0.923789 0.470507 3.681915 1.363830 2.318085 
2.390000 1.363801 0.923851 0.923851 0.470398 3.681901 1.363801 2.318099 
2.400000 1.363773 0.923912 0.923912 0.470291 3.681886 1.363773 2.318114 
2.410000 1.363745 0.923971 0.923971 0.470185 3.681872 1.363745 2.318128 
2.420000 1.363717 0.924030 0.924030 0.470081 3.681859 1.363717 2.318141 
2.430000 1.363690 0.924088 0.924088 0.469979 3.681845 1.363690 2.318155 
2.440000 1.363664 0.924145 0.924145 0.469878 3.681832 1.363664 2.318168 
2.450000 1.363637 0.924201 0.924201 0.469780 3.681819 1.363637 2.318181 
2.460000 1.363612 0.924256 0.924256 0.469682 3.681806 1.363612 2.318194 
2.470000 1.363586 0.924310 0.924310 0.469587 3.681793 1.363586 2.318207 
2.480000 1.363561 0.924363 0.924363 0.469493 3.681781 1.363561 2.318219 
2.490000 1.363537 0.924416 0.924416 0.469400 3.681768 1.363537 2.318232 
2.500000 1.363513 0.924467 0.924467 0.469309 3.681756 1.363513 2.318244 
2.510000 1.363489 0.924518 0.924518 0.469219 3.681744 1.363489 2.318256 
2.520000 1.363465 0.924568 0.924568 0.469131 3.681733 1.363465 2.318267 
2.530000 1.363443 0.924617 0.924617 0.469044 3.681721 1.363443 2.318279 
2.540000 1.363420 0.924665 0.924665 0.468959 3.681710 1.363420 2.318290 
2.550000 1.363398 0.924713 0.924713 0.468875 3.681699 1.363398 2.318301 
2.560000 1.363376 0.924760 0.924760 0.468793 3.681688 1.363376 2.318312 
2.570000 1.363354 0.924806 0.924806 0.468711 3.681677 1.363354 2.318323 
2.580000 1.363333 0.924851 0.924851 0.468632 3.681667 1.363333 2.318333 
2.590000 1.363312 0.924895 0.924895 0.468553 3.681656 1.363312 2.318344 
2.600000 1.363292 0.924939 0.924939 0.468476 3.681646 1.363292 2.318354 
2.610000 1.363272 0.924982 0.924982 0.468400 3.681636 1.363272 2.318364 
2.620000 1.363252 0.925025 0.925025 0.468325 3.681626 1.363252 2.318374 
2.630000 1.363232 0.925066 0.925066 0.468251 3.681616 1.363232 2.318384 
2.640000 1.363213 0.925107 0.925107 0.468179 3.681606 1.363213 2.318394 
2.650000 1.363194 0.925148 0.925148 0.468107 3.681597 1.363194 2.318403 
2.660000 1.363176 0.925187 0.925187 0.468037 3.681588 1.363176 2.318412 
2.670000 1.363157 0.925226 0.925226 0.467968 3.681579 1.363157 2.318421 
2.680000 1.363139 0.925265 0.925265 0.467901 3.681570 1.363139 2.318430 
2.690000 1.363122 0.925303 0.925303 0.467834 3.681561 1.363122 2.318439 
2.700000 1.363104 0.925340 0.925340 0.467768 3.681552 1.363104 2.318448 
2.710000 1.363087 0.925376 0.925376 0.467704 3.681544 1.363087 2.318456 
2.720000 1.363070 0.925412 0.925412 0.467640 3.681535 1.363070 2.318465 
2.730000 1.363054 0.925448 0.925448 0.467578 3.681527 1.363054 2.318473 
2.740000 1.363037 0.925483 0.925483 0.467516 3.681519 1.363037 2.318481 
2.750000 1.363021 0.925517 0.925517 0.467456 3.681511 1.363021 2.318489 
2.760000 1.363005 0.925551 0.925551 0.467396 3.681503 1.363005 2.318497 
2.770000 1.362990 0.925584 0.925584 0.467338 3.681495 1.362990 2.318505 
2.780000 1.362975 0.925616 0.925616 0.467280 3.681487 1.362975 2.318513 
2.790000 1.362960 0.925648 0.925648 0.467223 3.681480 1.362960 2.318520 
2.800000 1.362945 0.925680 0.925680 0.467168 3.681472 1.362945 2.318528 
2.810000 1.362930 0.925711 0.925711 0.467113 3.681465 1.362930 2.318535 
2.820000 1.362916 0.925741 0.925741 0.467059 3.681458 1.362916 2.318542 
2.830000 1.362902 0.925772 0.925772 0.467006 3.681451 1.362902 2.318549 
2.840000 1.362888 0.925801 0.925801 0.466954 3.681444 1.362888 2.318556 
2.850000 1.362875 0.925830 0.925830 0.466902 3.681437 1.362875 2.318563 
2.860000 1.362861 0.925859 0.925859 0.466852 3.681431 1.362861 2.318569 
2.870000 1.362848 0.925887 0.925887 0.466802 3.681424 1.362848 2.318576 
2.880000 1.362835 0.925915 0.925915 0.466753 3.681417 1.362835 2.318583 
2.890000 1.362822 0.925942 0.925942 0.466705 3.681411 1.362822 2.318589 
2.900000 1.362810 0.925969 0.925969 0.466658 3.681405 1.362810 2.318595 
2.910000 1.362797 0.925995 0.925995 0.466612 3.681399 1.362797 2.318601 
2.920000 1.362785 0.926021 0.926021 0.466566 3.681393 1.362785 2.318607 
2.930000 1.362773 0.926046 0.926046 0.466521 3.681387 1.362773 2.318613 
2.940000 1.362762 0.926071 0.926071 0.466476 3.681381 1.362762 2.318619 
2.950000 1.362750 0.926096 0.926096 0.466433 3.681375 1.362750 2.318625 
2.960000 1.362739 0.926120 0.926120 0.466390 3.681369 1.362739 2.318631 
2.970000 1.362727 0.926144 0.926144 0.466348 3.681364 1.362727 2.318636 
2.980000 1.362716 0.926168 0.926168 0.466306 3.681358 1.362716 2.318642 
2.990000 1.362706 0.926191 0.926191 0.466266 3.681353 1.362706 2.318647 
3.000000 1.362695 0.926214 0.926214 0.466225 3.681347 1.362695 2.318653 
3.010000 1.362684 0.926236 0.926236 0.466186 3.681342 1.362684 2.318658 
3.020000 1.362674 0.926258 0.926258 0.466147 3.681337 1.362674 2.318663 
3.030000 1.362664 0.926280 0.926280 0.466109 3.681332 1.362664 2.318668 
3.040000 1.362654 0.926301 0.926301 0.466071 3.681327 1.362654 2.318673 
3.050000 1.362644 0.926322 0.926322 0.466034 3.681322 1.362644 2.318678 
3.060000 1.362635 0.926342 0.926342 0.465998 3.681317 1.362635 2.318683 
3.070000 1.362625 0.926363 0.926363 0.465962 3.681313 1.362625 2.318687 
3.080000 1.362616 0.926383 0.926383 0.465927 3.681308 1.362616 2.318692 
3.090000 1.362607 0.926402 0.926402 0.465892 3.681303 1.362607 2.318697 
3.100000 1.362597 0.926422 0.926422 0.465858 3.681299 1.362597 2.318701 
3.110000 1.362589 0.926441 0.926441 0.465825 3.681294 1.362589 2.318706 
3.120000 1.362580 0.926459 0.926459 0.465792 3.681290 1.362580 2.318710 
3.130000 1.362571 0.926478 0.926478 0.465759 3.681286 1.362571 2.318714 
3.140000 1.362563 0.926496 0.926496 0.465727 3.681281 1.362563 2.318719 
3.150000 1.362554 0.926514 0.926514 0.465696 3.681277 1.362554 2.318723 
3.160000 1.362546 0.926531 0.926531 0.465665 3.681273 1.362546 2.318727 
3.170000 1.362538 0.926548 0.926548 0.465635 3.681269 1.362538 2.318731 
3.180000 1.362530 0.926565 0.926565 0.465605 3.681265 1.362530 2.318735 
3.190000 1.362522 0.926582 0.926582 0.465575 3.681261 1.362522 2.318739 
3.200000 1.362515 0.926598 0.926598 0.465546 3.681257 1.362515 2.318743 
3.210000 1.362507 0.926614 0.926614 0.465518 3.681254 1.362507 2.318746 
3.220000 1.362500 0.926630 0.926630 0.465490 3.681250 1.362500 2.318750 
3.230000 1.362492 0.926646 0.926646 0.465462 3.681246 1.362492 2.318754 
3.240000 1.362485 0.926661 0.926661 0.465435 3.681243 1.362485 2.318757 
3.250000 1.362478 0.926676 0.926676 0.465409 3.681239 1.362478 2.318761 
3.260000 1.362471 0.926691 0.926691 0.465382 3.681236 1.362471 2.318764 
3.270000 1.362464 0.926706 0.926706 0.465357 3.681232 1.362464 2.318768 
3.280000 1.362458 0.926720 0.926720 0.465331 3.681229 1.362458 2.318771 
3.290000 1.362451 0.926734 0.926734 0.465306 3.681226 1.362451 2.318774 
3.300000 1.362445 0.926748 0.926748 0.465282 3.681222 1.362445 2.318778 
3.310000 1.362438 0.926762 0.926762 0.465257 3.681219 1.362438 2.318781 
3.320000 1.362432 0.926775 0.926775 0.465234 3.681216 1.362432 2.318784 
3.330000 1.362426 0.926788 0.926788 0.465210 3.681213 1.362426 2.318787 
3.340000 1.362419 0.926801 0.926801 0.465187 3.681210 1.362419 2.318790 
3.350000 1.362413 0.926814 0.926814 0.465165 3.681207 1.362413 2.318793 
3.360000 1.362408 0.926827 0.926827 0.465142 3.681204 1.362408 2.318796 
3.370000 1.362402 0.926839 0.926839 0.465121 3.681201 1.362402 2.318799 
3.380000 1.362396 0.926851 0.926851 0.465099 3.681198 1.362396 2.318802 
3.390000 1.362390 0.926863 0.926863 0.465078 3.681195 1.362390 2.318805 
3.400000 1.362385 0.926875 0.926875 0.465057 3.681192 1.362385 2.318808 
3.410000 1.362379 0.926887 0.926887 0.465036 3.681190 1.362379 2.318810 
3.420000 1.362374 0.926898 0.926898 0.465016 3.681187 1.362374 2.318813 
3.430000 1.362369 0.926910 0.926910 0.464996 3.681184 1.362369 2.318816 
3.440000 1.362364 0.926921 0.926921 0.464977 3.681182 1.362364 2.318818 
3.450000 1.362359 0.926932 0.926932 0.464958 3.681179 1.362359 2.318821 
3.460000 1.362354 0.926942 0.926942 0.464939 3.681177 1.362354 2.318823 
3.470000 1.362349 0.926953 0.926953 0.464920 3.681174 1.362349 2.318826 
3.480000 1.362344 0.926963 0.926963 0.464902 3.681172 1.362344 2.318828 
3.490000 1.362339 0.926973 0.926973 0.464884 3.681169 1.362339 2.318831 
3.500000 1.362334 0.926983 0.926983 0.464866 3.681167 1.362334 2.318833 
3.510000 1.362330 0.926993 0.926993 0.464849 3.681165 1.362330 2.318835 
3.520000 1.362325 0.927003 0.927003 0.464832 3.681163 1.362325 2.318837 
3.530000 1.362321 0.927012 0.927012 0.464815 3.681160 1.362321 2.318840 
3.540000 1.362316 0.927022 0.927022 0.464798 3.681158 1.362316 2.318842 
3.550000 1.362312 0.927031 0.927031 0.464782 3.681156 1.362312 2.318844 
3.560000 1.362308 0.927040 0.927040 0.464766 3.681154 1.362308 2.318846 
3.570000 1.362303 0.927049 0.927049 0.464750 3.681152 1.362303 2.318848 
3.580000 1.362299 0.927058 0.927058 0.464735 3.681150 1.362299 2.318850 
3.590000 1.362295 0.927066 0.927066 0.464719 3.681148 1.362295 2.318852 
3.600000 1.362291 0.927075 0.927075 0.464704 3.681146 1.362291 2.318854 
3.610000 1.362287 0.927083 0.927083 0.464690 3.681144 1.362287 2.318856 
3.620000 1.362284 0.927092 0.927092 0.464675 3.681142 1.362284 2.318858 
3.630000 1.362280 0.927100 0.927100 0.464661 3.681140 1.362280 2.318860 
3.640000 1.362276 0.927108 0.927108 0.464647 3.681138 1.362276 2.318862 
3.650000 1.362272 0.927116 0.927116 0.464633 3.681136 1.362272 2.318864 
3.660000 1.362269 0.927123 0.927123 0.464619 3.681134 1.362269 2.318866 
3.670000 1.362265 0.927131 0.927131 0.464606 3.681133 1.362265 2.318867 
3.680000 1.362262 0.927138 0.927138 0.464593 3.681131 1.362262 2.318869 
3.690000 1.362258 0.927146 0.927146 0.464580 3.681129 1.362258 2.318871 
3.700000 1.362255 0.927153 0.927153 0.464567 3.681127 1.362255 2.318873 
3.710000 1.362252 0.927160 0.927160 0.464554 3.681126 1.362252 2.318874 
3.720000 1.362248 0.927167 0.927167 0.464542 3.681124 1.362248 2.318876 
3.730000 1.362245 0.927174 0.927174 0.464530 3.681123 1.362245 2.318877 
3.740000 1.362242 0.927181 0.927181 0.464518 3.681121 1.362242 2.318879 
3.750000 1.362239 0.927187 0.927187 0.464506 3.681119 1.362239 2.318881 
3.760000 1.362236 0.927194 0.927194 0.464495 3.681118 1.362236 2.318882 
3.770000 1.362233 0.927200 0.927200 0.464483 3.681116 1.362233 2.318884 
3.780000 1.362230 0.927207 0.927207 0.464472 3.681115 1.362230 2.318885 
3.790000 1.362227 0.927213 0.927213 0.464461 3.681113 1.362227 2.318887 
3.800000 1.362224 0.927219 0.927219 0.464450 3.681112 1.362224 2.318888 
3.810000 1.362221 0.927225 0.927225 0.464440 3.681111 1.362221 2.318889 
3.820000 1.362218 0.927231 0.927231 0.464429 3.681109 1.362218 2.318891 
3.830000 1.362216 0.927237 0.927237 0.464419 3.681108 1.362216 2.318892 
3.840000 1.362213 0.927242 0.927242 0.464409 3.681106 1.362213 2.318894 
3.850000 1.362210 0.927248 0.927248 0.464399 3.681105 1.362210 2.318895 
3.860000 1.362208 0.927254 0.927254 0.464389 3.681104 1.362208 2.318896 
3.870000 1.362205 0.927259 0.927259 0.464379 3.681103 1.362205 2.318897 
3.880000 1.362203 0.927264 0.927264 0.464370 3.681101 1.362203 2.318899 
3.890000 1.362200 0.927270 0.927270 0.464360 3.681100 1.362200 2.318900 
3.900000 1.362198 0.927275 0.927275 0.464351 3.681099 1.362198 2.318901 
3.910000 1.362195 0.927280 0.927280 0.464342 3.681098 1.362195 2.318902 
3.920000 1.362193 0.927285 0.927285 0.464333 3.681096 1.362193 2.318904 
3.930000 1.362191 0.927290 0.927290 0.464325 3.681095 1.362191 2.318905 
3.940000 1.362188 0.927295 0.927295 0.464316 3.681094 1.362188 2.318906 
3.950000 1.362186 0.927300 0.927300 0.464307 3.681093 1.362186 2.318907 
3.960000 1.362184 0.927304 0.927304 0.464299 3.681092 1.362184 2.318908 
3.970000 1.362182 0.927309 0.927309 0.464291 3.681091 1.362182 2.318909 
3.980000 1.362179 0.927314 0.927314 0.464283 3.681090 1.362179 2.318910 
3.990000 1.362177 0.927318 0.927318 0.464275 3.681089 1.362177 2.318911 
4.000000 1.362175 0.927323 0.927323 0.464267 3.681088 1.362175 2.318912 
4.010000 1.362173 0.927327 0.927327 0.464260 3.681087 1.362173 2.318913 
4.020000 1.362171 0.927331 0.927331 0.464252 3.681086 1.362171 2.318914 
4.030000 1.362169 0.927335 0.927335 0.464245 3.681085 1.362169 2.318915 
4.040000 1.362167 0.927340 0.927340 0.464237 3.681084 1.362167 2.318916 
4.050000 1.362165 0.927344 0.927344 0.464230 3.681083 1.362165 2.318917 
4.060000 1.362164 0.927348 0.927348 0.464223 3.681082 1.362164 2.318918 
4.070000 1.362162 0.927352 0.927352 0.464216 3.681081 1.362162 2.318919 
4.080000 1.362160 0.927355 0.927355 0.464209 3.681080 1.362160 2.318920 
4.090000 1.362158 0.927359 0.927359 0.464202 3.681079 1.362158 2.318921 
4.100000 1.362156 0.927363 0.927363 0.464196 3.681078 1.362156 2.318922 
4.110000 1.362155 0.927367 0.927367 0.464189 3.681077 1.362155 2.318923 
4.120000 1.362153 0.927370 0.927370 0.464183 3.681076 1.362153 2.318924 
4.130000 1.362151 0.927374 0.927374 0.464177 3.681076 1.362151 2.318924 
4.140000 1.362150 0.927377 0.927377 0.464170 3.681075 1.362150 2.318925 
4.150000 1.362148 0.927381 0.927381 0.464164 3.681074 1.362148 2.318926 
4.160000 1.362146 0.927384 0.927384 0.464158 3.681073 1.362146 2.318927 
4.170000 1.362145 0.927388 0.927388 0.464152 3.681072 1.362145 2.318928 
4.180000 1.362143 0.927391 0.927391 0.464147 3.681072 1.362143 2.318928 
4.190000 1.362142 0.927394 0.927394 0.464141 3.681071 1.362142 2.318929 
4.200000 1.362140 0.927397 0.927397 0.464135 3.681070 1.362140 2.318930 
4.210000 1.362139 0.927400 0.927400 0.464130 3.681069 1.362139 2.318931 
4.220000 1.362137 0.927404 0.927404 0.464124 3.681069 1.362137 2.318931 
4.230000 1.362136 0.927407 0.927407 0.464119 3.681068 1.362136 2.318932 
4.240000 1.362135 0.927410 0.927410 0.464114 3.681067 1.362135 2.318933 
4.250000 1.362133 0.927412 0.927412 0.464108 3.681067 1.362133 2.318933 
4.260000 1.362132 0.927415 0.927415 0.464103 3.681066 1.362132 2.318934 
4.270000 1.362130 0.927418 0.927418 0.464098 3.681065 1.362130 2.318935 
4.280000 1.362129 0.927421 0.927421 0.464093 3.681065 1.362129 2.318935 
4.290000 1.362128 0.927424 0.927424 0.464089 3.681064 1.362128 2.318936 
4.300000 1.362127 0.927426 0.927426 0.464084 3.681063 1.362127 2.318937 
4.310000 1.362125 0.927429 0.927429 0.464079 3.681063 1.362125 2.318937 
4.320000 1.362124 0.927432 0.927432 0.464075 3.681062 1.362124 2.318938 
4.330000 1.362123 0.927434 0.927434 0.464070 3.681061 1.362123 2.318939 
4.340000 1.362122 0.927437 0.927437 0.464066 3.681061 1.362122 2.318939 
4.350000 1.362121 0.927439 0.927439 0.464061 3.681060 1.362121 2.318940 
4.360000 1.362119 0.927442 0.927442 0.464057 3.681060 1.362119 2.318940 
4.370000 1.362118 0.927444 0.927444 0.464053 3.681059 1.362118 2.318941 
4.380000 1.362117 0.927447 0.927447 0.464048 3.681059 1.362117 2.318941 
4.390000 1.362116 0.927449 0.927449 0.464044 3.681058 1.362116 2.318942 
4.400000 1.362115 0.927451 0.927451 0.464040 3.681058 1.362115 2.318942 
4.410000 1.362114 0.927453 0.927453 0.464036 3.681057 1.362114 2.318943 
4.420000 1.362113 0.927456 0.927456 0.464032 3.681056 1.362113 2.318944 
4.430000 1.362112 0.927458 0.927458 0.464028 3.681056 1.362112 2.318944 
4.440000 1.362111 0.927460 0.927460 0.464025 3.681055 1.362111 2.318945 
4.450000 1.362110 0.927462 0.927462 0.464021 3.681055 1.362110 2.318945 
4.460000 1.362109 0.927464 0.927464 0.464017 3.681054 1.362109 2.318946 
4.470000 1.362108 0.927466 0.927466 0.464014 3.681054 1.362108 2.318946 
4.480000 1.362107 0.927468 0.927468 0.464010 3.681054 1.362107 2.318946 
4.490000 1.362106 0.927470 0.927470 0.464007 3.681053 1.362106 2.318947 
4.500000 1.362105 0.927472 0.927472 0.464003 3.681053 1.362105 2.318947 
4.510000 1.362104 0.927474 0.927474 0.464000 3.681052 1.362104 2.318948 
4.520000 1.362103 0.927476 0.927476 0.463996 3.681052 1.362103 2.318948 
4.530000 1.362103 0.927478 0.927478 0.463993 3.681051 1.362103 2.318949 
4.540000 1.362102 0.927480 0.927480 0.463990 3.681051 1.362102 2.318949 
4.550000 1.362101 0.927481 0.927481 0.463987 3.681050 1.362101 2.318950 
4.560000 1.362100 0.927483 0.927483 0.463984 3.681050 1.362100 2.318950 
4.570000 1.362099 0.927485 0.927485 0.463981 3.681050 1.362099 2.318950 
4.580000 1.362098 0.927487 0.927487 0.463978 3.681049 1.362098 2.318951 
4.590000 1.362098 0.927488 0.927488 0.463975 3.681049 1.362098 2.318951 
4.600000 1.362097 0.927490 0.927490 0.463972 3.681048 1.362097 2.318952 
4.610000 1.362096 0.927492 0.927492 0.463969 3.681048 1.362096 2.318952 
4.620000 1.362095 0.927493 0.927493 0.463966 3.681048 1.362095 2.318952 
4.630000 1.362095 0.927495 0.927495 0.463963 3.681047 1.362095 2.318953 
4.640000 1.362094 0.927496 0.927496 0.463960 3.681047 1.362094 2.318953 
4.650000 1.362093 0.927498 0.927498 0.463958 3.681047 1.362093 2.318953 
4.660000 1.362092 0.927499 0.927499 0.463955 3.681046 1.362092 2.318954 
4.670000 1.362092 0.927501 0.927501 0.463953 3.681046 1.362092 2.318954 
4.680000 1.362091 0.927502 0.927502 0.463950 3.681046 1.362091 2.318954 
4.690000 1.362090 0.927504 0.927504 0.463947 3.681045 1.362090 2.318955 
4.700000 1.362090 0.927505 0.927505 0.463945 3.681045 1.362090 2.318955 
4.710000 1.362089 0.927506 0.927506 0.463943 3.681045 1.362089 2.318955 
4.720000 1.362088 0.927508 0.927508 0.463940 3.681044 1.362088 2.318956 
4.730000 1.362088 0.927509 0.927509 0.463938 3.681044 1.362088 2.318956 
4.740000 1.362087 0.927510 0.927510 0.463935 3.681044 1.362087 2.318956 
4.750000 1.362087 0.927512 0.927512 0.463933 3.681043 1.362087 2.318957 
4.760000 1.362086 0.927513 0.927513 0.463931 3.681043 1.362086 2.318957 
4.770000 1.362085 0.927514 0.927514 0.463929 3.681043 1.362085 2.318957 
4.780000 1.362085 0.927516 0.927516 0.463927 3.681042 1.362085 2.318958 
4.790000 1.362084 0.927517 0.927517 0.463924 3.681042 1.362084 2.318958 
4.800000 1.362084 0.927518 0.927518 0.463922 3.681042 1.362084 2.318958 
4.810000 1.362083 0.927519 0.927519 0.463920 3.681042 1.362083 2.318958 
4.820000 1.362083 0.927520 0.927520 0.463918 3.681041 1.362083 2.318959 
4.830000 1.362082 0.927521 0.927521 0.463916 3.681041 1.362082 2.318959 
4.840000 1.362082 0.927522 0.927522 0.463914 3.681041 1.362082 2.318959 
4.850000 1.362081 0.927524 0.927524 0.463912 3.681041 1.362081 2.318959 
4.860000 1.362081 0.927525 0.927525 0.463910 3.681040 1.362081 2.318960 
4.870000 1.362080 0.927526 0.927526 0.463909 3.681040 1.362080 2.318960 
4.880000 1.362080 0.927527 0.927527 0.463907 3.681040 1.362080 2.318960 
4.890000 1.362079 0.927528 0.927528 0.463905 3.681040 1.362079 2.318960 
4.900000 1.362079 0.927529 0.927529 0.463903 3.681039 1.362079 2.318961 
4.910000 1.362078 0.927530 0.927530 0.463901 3.681039 1.362078 2.318961 
4.920000 1.362078 0.927531 0.927531 0.463900 3.681039 1.362078 2.318961 
4.930000 1.362077 0.927532 0.927532 0.463898 3.681039 1.362077 2.318961 
4.940000 1.362077 0.927533 0.927533 0.463896 3.681038 1.362077 2.318962 
4.950000 1.362076 0.927534 0.927534 0.463895 3.681038 1.362076 2.318962 
4.960000 1.362076 0.927535 0.927535 0.463893 3.681038 1.362076 2.318962 
4.970000 1.362076 0.927535 0.927535 0.463891 3.681038 1.362076 2.318962 
4.980000 1.362075 0.927536 0.927536 0.463890 3.681038 1.362075 2.318962 
4.990000 1.362075 0.927537 0.927537 0.463888 3.681037 1.362075 2.318963 
5.000000 1.362074 0.927538 0.927538 0.463887 3.681037 1.362074 2.318963 
5.010000 1.362074 0.927539 0.927539 0.463885 3.681037 1.362074 2.318963 
5.020000 1.362074 0.927540 0.927540 0.463884 3.681037 1.362074 2.318963 
5.030000 1.362073 0.927541 0.927541 0.463882 3.681037 1.362073 2.318963 
5.040000 1.362073 0.927541 0.927541 0.463881 3.681036 1.362073 2.318964 
5.050000 1.362072 0.927542 0.927542 0.463880 3.681036 1.362072 2.318964 
5.060000 1.362072 0.927543 0.927543 0.463878 3.681036 1.362072 2.318964 
5.070000 1.362072 0.927544 0.927544 0.463877 3.681036 1.362072 2.318964 
5.080000 1.362071 0.927544 0.927544 0.463875 3.681036 1.362071 2.318964 
5.090000 1.362071 0.927545 0.927545 0.463874 3.681035 1.362071 2.318965 
5.100000 1.362071 0.927546 0.927546 0.463873 3.681035 1.362071 2.318965 
5.110000 1.362070 0.927547 0.927547 0.463872 3.681035 1.362070 2.318965 
5.120000 1.362070 0.927547 0.927547 0.463870 3.681035 1.362070 2.318965 
5.130000 1.362070 0.927548 0.927548 0.463869 3.681035 1.362070 2.318965 
5.140000 1.362069 0.927549 0.927549 0.463868 3.681035 1.362069 2.318965 
5.150000 1.362069 0.927549 0.927549 0.463867 3.681034 1.362069 2.318966 
5.160000 1.362069 0.927550 0.927550 0.463866 3.681034 1.362069 2.318966 
5.170000 1.362068 0.927551 0.927551 0.463864 3.681034 1.362068 2.318966 
5.180000 1.362068 0.927551 0.927551 0.463863 3.681034 1.362068 2.318966 
5.190000 1.362068 0.927552 0.927552 0.463862 3.681034 1.362068 2.318966 
5.200000 1.362067 0.927553 0.927553 0.463861 3.681034 1.362067 2.318966 
5.210000 1.362067 0.927553 0.927553 0.463860 3.681034 1.362067 2.318966 
5.220000 1.362067 0.927554 0.927554 0.463859 3.681033 1.362067 2.318967 
5.230000 1.362067 0.927554 0.927554 0.463858 3.681033 1.362067 2.318967 
5.240000 1.362066 0.927555 0.927555 0.463857 3.681033 1.362066 2.318967 
5.250000 1.362066 0.927556 0.927556 0.463856 3.681033 1.362066 2.318967 
5.260000 1.362066 0.927556 0.927556 0.463855 3.681033 1.362066 2.318967 
5.270000 1.362066 0.927557 0.927557 0.463854 3.681033 1.362066 2.318967 
5.280000 1.362065 0.927557 0.927557 0.463853 3.681033 1.362065 2.318967 
5.290000 1.362065 0.927558 0.927558 0.463852 3.681033 1.362065 2.318967 
5.300000 1.362065 0.927558 0.927558 0.463851 3.681032 1.362065 2.318968 
5.310000 1.362065 0.927559 0.927559 0.463850 3.681032 1.362065 2.318968 
5.320000 1.362064 0.927559 0.927559 0.463849 3.681032 1.362064 2.318968 
5.330000 1.362064 0.927560 0.927560 0.463848 3.681032 1.362064 2.318968 
5.340000 1.362064 0.927560 0.927560 0.463848 3.681032 1.362064 2.318968 
5.350000 1.362064 0.927561 0.927561 0.463847 3.681032 1.362064 2.318968 
5.360000 1.362063 0.927561 0.927561 0.463846 3.681032 1.362063 2.318968 
5.370000 1.362063 0.927562 0.927562 0.463845 3.681032 1.362063 2.318968 
5.380000 1.362063 0.927562 0.927562 0.463844 3.681032 1.362063 2.318968 
5.390000 1.362063 0.927563 0.927563 0.463843 3.681031 1.362063 2.318969 
5.400000 1.362063 0.927563 0.927563 0.463843 3.681031 1.362063 2.318969 
5.410000 1.362062 0.927563 0.927563 0.463842 3.681031 1.362062 2.318969 
5.420000 1.362062 0.927564 0.927564 0.463841 3.681031 1.362062 2.318969 
5.430000 1.362062 0.927564 0.927564 0.463840 3.681031 1.362062 2.318969 
5.440000 1.362062 0.927565 0.927565 0.463840 3.681031 1.362062 2.318969 
5.450000 1.362062 0.927565 0.927565 0.463839 3.681031 1.362062 2.318969 
5.460000 1.362061 0.927566 0.927566 0.463838 3.681031 1.362061 2.318969 
5.470000 1.362061 0.927566 0.927566 0.463837 3.681031 1.362061 2.318969 
5.480000 1.362061 0.927566 0.927566 0.463837 3.681031 1.362061 2.318969 
5.490000 1.362061 0.927567 0.927567 0.463836 3.681030 1.362061 2.318970 
5.500000 1.362061 0.927567 0.927567 0.463835 3.681030 1.362061 2.318970 
5.510000 1.362060 0.927567 0.927567 0.463835 3.681030 1.362060 2.318970 
5.520000 1.362060 0.927568 0.927568 0.463834 3.681030 1.362060 2.318970 
5.530000 1.362060 0.927568 0.927568 0.463834 3.681030 1.362060 2.318970 
5.540000 1.362060 0.927569 0.927569 0.463833 3.681030 1.362060 2.318970 
5.550000 1.362060 0.927569 0.927569 0.463832 3.681030 1.362060 2.318970 
5.560000 1.362060 0.927569 0.927569 0.463832 3.681030 1.362060 2.318970 
5.570000 1.362060 0.927570 0.927570 0.463831 3.681030 1.362060 2.318970 
5.580000 1.362059 0.927570 0.927570 0.463830 3.681030 1.362059 2.318970 
5.590000 1.362059 0.927570 0.927570 0.463830 3.681030 1.362059 2.318970 
5.600000 1.362059 0.927571 0.927571 0.463829 3.681030 1.362059 2.318970 
5.610000 1.362059 0.927571 0.927571 0.463829 3.681029 1.362059 2.318971 
5.620000 1.362059 0.927571 0.927571 0.463828 3.681029 1.362059 2.318971 
5.630000 1.362059 0.927572 0.927572 0.463828 3.681029 1.362059 2.318971 
5.640000 1.362058 0.927572 0.927572 0.463827 3.681029 1.362058 2.318971 
5.650000 1.362058 0.927572 0.927572 0.463827 3.681029 1.362058 2.318971 
5.660000 1.362058 0.927572 0.927572 0.463826 3.681029 1.362058 2.318971 
5.670000 1.362058 0.927573 0.927573 0.463826 3.681029 1.362058 2.318971 
5.680000 1.362058 0.927573 0.927573 0.463825 3.681029 1.362058 2.318971 
5.690000 1.362058 0.927573 0.927573 0.463825 3.681029 1.362058 2.318971 
5.700000 1.362058 0.927574 0.927574 0.463824 3.681029 1.362058 2.318971 
5.710000 1.362058 0.927574 0.927574 0.463824 3.681029 1.362058 2.318971 
5.720000 1.362057 0.927574 0.927574 0.463823 3.681029 1.362057 2.318971 
5.730000 1.362057 0.927574 0.927574 0.463823 3.681029 1.362057 2.318971 
5.740000 1.362057 0.927575 0.927575 0.463822 3.681029 1.362057 2.318971 
5.750000 1.362057 0.927575 0.927575 0.463822 3.681029 1.362057 2.318971 
5.760000 1.362057 0.927575 0.927575 0.463821 3.681028 1.362057 2.318972 
5.770000 1.362057 0.927575 0.927575 0.463821 3.681028 1.362057 2.318972 
5.780000 1.362057 0.927576 0.927576 0.463821 3.681028 1.362057 2.318972 
5.790000 1.362057 0.927576 0.927576 0.463820 3.681028 1.362057 2.318972 
5.800000 1.362057 0.927576 0.927576 0.463820 3.681028 1.362057 2.318972 
5.810000 1.362056 0.927576 0.927576 0.463819 3.681028 1.362056 2.318972 
5.820000 1.362056 0.927576 0.927576 0.463819 3.681028 1.362056 2.318972 
5.830000 1.362056 0.927577 0.927577 0.463819 3.681028 1.362056 2.318972 
5.840000 1.362056 0.927577 0.927577 0.463818 3.681028 1.362056 2.318972 
5.850000 1.362056 0.927577 0.927577 0.463818 3.681028 1.362056 2.318972 
5.860000 1.362056 0.927577 0.927577 0.463817 3.681028 1.362056 2.318972 
5.870000 1.362056 0.927578 0.927578 0.463817 3.681028 1.362056 2.318972 
5.880000 1.362056 0.927578 0.927578 0.463817 3.681028 1.362056 2.318972 
5.890000 1.362056 0.927578 0.927578 0.463816 3.681028 1.362056 2.318972 
5.900000 1.362056 0.927578 0.927578 0.463816 3.681028 1.362056 2.318972 
5.910000 1.362055 0.927578 0.927578 0.463816 3.681028 1.362055 2.318972 
5.920000 1.362055 0.927579 0.927579 0.463815 3.681028 1.362055 2.318972 
5.930000 1.362055 0.927579 0.927579 0.463815 3.681028 1.362055 2.318972 
5.940000 1.362055 0.927579 0.927579 0.463815 3.681028 1.362055 2.318972 
5.950000 1.362055 0.927579 0.927579 0.463814 3.681028 1.362055 2.318972 
5.960000 1.362055 0.927579 0.927579 0.463814 3.681027 1.362055 2.318973 
5.970000 1.362055 0.927579 0.927579 0.463814 3.681027 1.362055 2.318973 
5.980000 1.362055 0.927580 0.927580 0.463813 3.681027 1.362055 2.318973 
5.990000 1.362055 0.927580 0.927580 0.463813 3.681027 1.362055 2.318973 
6.000000 1.362055 0.927580 0.927580 0.463813 3.681027 1.362055 2.318973 
